1566850935527 digital 0 0 0 0 0 0 0 0 0 0 0 0 0 0 
1566850935527 analog 0.0 0.0 0.0 0.0 0.0 0.0 0.0 0.0 0.0 0.0 0.0 0.0 0.0 0.0 
1566934760107 digital 0 0 0 0 0 0 0 0 0 0 0 0 0 0 
1566934760107 analog 0.0 0.0 0.0 0.0 0.0 0.0 0.0 0.0 0.0 0.0 0.0 0.0 0.0 0.0 
1566934967898 digital 0 0 0 0 0 0 0 0 0 0 0 0 0 0 
1566934967898 analog 0.0 0.0 0.0 0.0 0.0 0.0 0.0 0.0 0.0 0.0 0.0 0.0 0.0 0.0 
1566935105584 digital 0 0 0 0 0 0 0 0 0 0 0 0 0 0 
1566935105584 analog 0.0 0.0 0.0 0.0 0.0 0.0 0.0 0.0 0.0 0.0 0.0 0.0 0.0 0.0 
1566935189304 digital 0 0 0 0 0 0 0 0 0 0 0 0 0 0 
1566935189304 analog 0.0 0.0 0.0 0.0 0.0 0.0 0.0 0.0 0.0 0.0 0.0 0.0 0.0 0.0 
1566935250685 digital 0 0 0 0 0 0 0 0 0 0 0 0 0 0 
1566935250685 analog 0.0 0.0 0.0 0.0 0.0 0.0 0.0 0.0 0.0 0.0 0.0 0.0 0.0 0.0 
1566935306537 digital 0 0 0 0 0 0 1 0 0 0 0 0 0 0 
1566935306537 analog 0.0 0.0 0.0 0.0 0.0 0.0 0.0 0.0 0.0 0.0 0.0 0.0 0.0 0.0 
1566935442881 digital 0 0 0 0 0 0 1 0 0 0 1 0 0 0 
1566935442881 analog 0.0 0.0 0.0 0.0 0.0 0.0 0.0 0.0 0.0 0.0 0.0 0.0 0.0 0.0 
1566935453520 digital 0 0 0 0 0 0 1 0 0 0 0 0 0 0 
1566935453520 analog 0.0 0.0 0.0 0.0 0.0 0.0 0.0 0.0 0.0 0.0 0.0 0.0 0.0 0.0 
1566935726533 digital 0 0 0 0 0 0 0 0 0 0 0 0 0 0 
1566935726533 analog 0.0 0.0 0.0 0.0 0.0 0.0 0.0 0.0 0.0 0.0 0.0 0.0 0.0 0.0 
1566935768366 digital 0 0 0 0 0 0 0 0 0 0 1 0 0 0 
1566935768366 analog 0.0 0.0 0.0 0.0 0.0 0.0 0.0 0.0 0.0 0.0 0.0 0.0 0.0 0.0 
1566935777693 digital 0 0 0 0 0 0 0 0 0 0 0 0 0 0 
1566935777693 analog 0.0 0.0 0.0 0.0 0.0 0.0 0.0 0.0 0.0 0.0 0.0 0.0 0.0 0.0 
1566936491276 digital 0 0 0 0 0 0 0 0 0 0 0 0 0 0 
1566936491276 analog 0.0 0.0 0.0 0.0 0.0 0.0 0.0 0.0 0.0 0.0 0.0 0.0 0.0 0.0 
1566936518518 digital 0 0 0 0 0 0 0 0 0 0 1 0 0 0 
1566936518518 analog 0.0 0.0 0.0 0.0 0.0 0.0 0.0 0.0 0.0 0.0 0.0 0.0 0.0 0.0 
1566936529385 digital 0 0 0 0 0 0 0 0 0 0 0 0 0 0 
1566936529385 analog 0.0 0.0 0.0 0.0 0.0 0.0 0.0 0.0 0.0 0.0 0.0 0.0 0.0 0.0 
1566936533879 digital 0 0 0 0 0 0 0 0 0 0 1 0 0 0 
1566936533879 analog 0.0 0.0 0.0 0.0 0.0 0.0 0.0 0.0 0.0 0.0 0.0 0.0 0.0 0.0 
1566936641630 digital 0 0 0 0 0 0 0 0 0 0 0 0 0 0 
1566936641630 analog 0.0 0.0 0.0 0.0 0.0 0.0 0.0 0.0 0.0 0.0 0.0 0.0 0.0 0.0 
1566936736322 digital 0 0 0 0 0 0 0 0 0 0 0 0 0 0 
1566936736322 analog 0.0 0.0 0.0 0.0 0.0 0.0 0.0 0.0 0.0 0.0 0.0 0.0 0.0 0.0 
1566936787536 digital 0 0 0 0 0 0 0 0 0 0 0 0 0 0 
1566936787536 analog 0.0 0.0 0.0 0.0 0.0 0.0 0.0 0.0 0.0 0.0 0.0 0.0 0.0 0.0 
1566936800516 digital 0 0 0 0 0 0 0 0 0 0 0 0 0 0 
1566936800516 analog 0.0 0.0 0.0 0.0 0.0 0.0 0.0 0.0 0.0 0.0 0.0 0.0 0.0 0.0 
1566936870238 digital 0 0 0 0 0 0 0 0 0 0 0 0 0 0 
1566936870238 analog 0.0 0.0 0.0 0.0 0.0 0.0 0.0 0.0 0.0 0.0 0.0 0.0 0.0 0.0 
1566937043764 digital 0 0 0 0 0 0 0 0 0 0 0 0 0 0 
1566937043764 analog 0.0 0.0 0.0 0.0 0.0 0.0 0.0 0.0 0.0 0.0 0.0 0.0 0.0 0.0 
1566937122315 digital 0 0 0 0 0 0 0 0 0 0 0 0 0 0 
1566937122315 analog 0.0 0.0 0.0 0.0 0.0 0.0 0.0 0.0 0.0 0.0 0.0 0.0 0.0 0.0 
1566937528739 digital 0 0 0 0 0 0 0 0 0 0 0 0 0 0 
1566937528739 analog 0.0 0.0 0.0 0.0 0.0 0.0 0.0 0.0 0.0 0.0 0.0 0.0 0.0 0.0 
1566937587910 digital 0 0 0 0 0 0 0 0 0 0 0 0 0 0 
1566937587910 analog 0.0 0.0 0.0 0.0 0.0 0.0 0.0 0.0 0.0 0.0 0.0 0.0 0.0 0.0 
1566937631017 digital 0 0 0 0 0 0 0 0 0 0 0 0 0 0 
1566937631017 analog 0.0 0.0 0.0 0.0 0.0 0.0 0.0 0.0 0.0 0.0 0.0 0.0 0.0 0.0 
1566937919277 digital 0 0 0 0 0 0 0 0 0 0 0 0 0 0 
1566937919277 analog 0.0 0.0 0.0 0.0 0.0 0.0 0.0 0.0 0.0 0.0 0.0 0.0 0.0 0.0 
1566937945113 digital 0 0 0 0 0 0 0 0 0 0 0 0 0 0 
1566937945113 analog 0.0 0.0 0.0 0.0 0.0 0.0 0.0 0.0 0.0 0.0 0.0 0.0 0.0 0.0 
1566937994279 digital 0 0 0 0 0 0 0 0 0 0 0 0 0 0 
1566937994279 analog 0.0 0.0 0.0 0.0 0.0 0.0 0.0 0.0 0.0 0.0 0.0 0.0 0.0 0.0 
1566938035952 digital 0 0 0 0 0 0 0 0 0 0 0 0 0 0 
1566938035952 analog 0.0 0.0 0.0 0.0 0.0 0.0 0.0 0.0 0.0 0.0 0.0 0.0 0.0 0.0 
1566938143879 digital 0 0 0 0 0 0 0 0 0 0 0 0 0 0 
1566938143879 analog 0.0 0.0 0.0 0.0 0.0 0.0 0.0 0.0 0.0 0.0 0.0 0.0 0.0 0.0 
1566938300219 digital 0 0 0 0 0 0 0 0 0 0 0 0 0 0 
1566938300219 analog 0.0 0.0 0.0 0.0 0.0 0.0 0.0 0.0 0.0 0.0 0.0 0.0 0.0 0.0 
1566938330324 digital 0 0 0 0 0 0 0 0 0 0 0 0 0 0 
1566938330324 analog 0.0 0.0 0.0 0.0 0.0 0.0 0.0 0.0 0.0 0.0 0.0 0.0 0.0 0.0 
1566938418603 digital 0 0 0 0 0 0 0 0 0 0 0 0 0 0 
1566938418603 analog 0.0 0.0 0.0 0.0 0.0 0.0 0.0 0.0 0.0 0.0 0.0 0.0 0.0 0.0 
1566939839815 digital 0 0 0 0 0 0 0 0 0 0 0 0 0 0 
1566939839815 analog 0.0 0.0 0.0 0.0 0.0 0.0 0.0 0.0 0.0 0.0 0.0 0.0 0.0 0.0 
1566939862951 digital 0 0 0 0 0 0 0 0 0 0 0 0 0 0 
1566939862951 analog 0.0 0.0 0.0 0.0 0.0 0.0 0.0 0.0 0.0 0.0 0.0 0.0 0.0 0.0 
1566939900363 digital 0 0 0 0 0 0 0 0 0 0 0 0 0 0 
1566939900363 analog 0.0 0.0 0.0 0.0 0.0 0.0 0.0 0.0 0.0 0.0 0.0 0.0 0.0 0.0 
1566940208232 digital 0 0 0 0 0 0 0 0 0 0 0 0 0 0 
1566940208232 analog 0.0 0.0 0.0 0.0 0.0 0.0 0.0 0.0 0.0 0.0 0.0 0.0 0.0 0.0 
1566940227142 digital 0 0 0 0 0 0 0 0 0 0 1 0 0 0 
1566940227142 analog 0.0 0.0 0.0 0.0 0.0 0.0 0.0 0.0 0.0 0.0 0.0 0.0 0.0 0.0 
1566940232901 digital 0 0 0 0 0 0 0 0 0 0 0 0 0 0 
1566940232901 analog 0.0 0.0 0.0 0.0 0.0 0.0 0.0 0.0 0.0 0.0 0.0 0.0 0.0 0.0 
1566940238312 digital 0 0 0 0 0 0 0 0 0 0 1 0 0 0 
1566940238312 analog 0.0 0.0 0.0 0.0 0.0 0.0 0.0 0.0 0.0 0.0 0.0 0.0 0.0 0.0 
1566940324301 digital 0 0 0 0 0 0 0 0 0 0 0 0 0 0 
1566940324301 analog 0.0 0.0 0.0 0.0 0.0 0.0 0.0 0.0 0.0 0.0 0.0 0.0 0.0 0.0 
1566940645918 digital 0 0 0 0 0 0 0 0 0 0 0 0 0 0 
1566940645918 analog 0.0 0.0 0.0 0.0 0.0 0.0 0.0 0.0 0.0 0.0 0.0 0.0 0.0 0.0 
1566940796832 digital 0 0 0 0 0 0 0 0 0 0 0 0 0 0 
1566940796832 analog 0.0 0.0 0.0 0.0 0.0 0.0 0.0 0.0 0.0 0.0 0.0 0.0 0.0 0.0 
1566940940737 digital 0 0 0 0 0 0 0 0 0 0 0 0 0 0 
1566940940737 analog 0.0 0.0 0.0 0.0 0.0 0.0 0.0 0.0 0.0 0.0 0.0 0.0 0.0 0.0 
1566940945904 digital 0 0 0 0 0 0 0 0 0 0 1 0 0 0 
1566940945904 analog 0.0 0.0 0.0 0.0 0.0 0.0 0.0 0.0 0.0 0.0 0.0 0.0 0.0 0.0 
1566940989939 digital 0 0 0 0 0 0 0 0 0 0 0 0 0 0 
1566940989939 analog 0.0 0.0 0.0 0.0 0.0 0.0 0.0 0.0 0.0 0.0 0.0 0.0 0.0 0.0 
1567365799367 digital 0 0 0 0 0 0 0 0 0 0 0 0 0 0 
1567365799367 analog 0.0 0.0 0.0 0.0 0.0 0.0 0.0 0.0 0.0 0.0 0.0 0.0 0.0 0.0 
1567365907399 digital 0 0 0 0 0 0 0 0 0 0 0 0 0 0 
1567365907399 analog 0.0 0.0 0.0 0.0 0.0 0.0 0.0 0.0 0.0 0.0 0.0 0.0 0.0 0.0 
1567365980906 digital 0 0 0 0 0 0 0 0 0 0 0 0 0 0 
1567365980906 analog 0.0 0.0 0.0 0.0 0.0 0.0 0.0 0.0 0.0 0.0 0.0 0.0 0.0 0.0 
1567366155322 digital 0 0 0 0 0 0 0 0 0 0 0 0 0 0 
1567366155322 analog 0.0 0.0 0.0 0.0 0.0 0.0 0.0 0.0 0.0 0.0 0.0 0.0 0.0 0.0 
1567366244212 digital 0 0 0 0 0 0 0 0 0 0 0 0 0 0 
1567366244212 analog 0.0 0.0 0.0 0.0 0.0 0.0 0.0 0.0 0.0 0.0 0.0 0.0 0.0 0.0 
1567366309728 digital 0 0 0 0 0 0 0 0 0 0 0 0 0 0 
1567366309728 analog 0.0 0.0 0.0 0.0 0.0 0.0 0.0 0.0 0.0 0.0 0.0 0.0 0.0 0.0 
1567366418729 digital 0 0 0 0 0 0 0 0 0 0 0 0 0 0 
1567366418729 analog 0.0 0.0 0.0 0.0 0.0 0.0 0.0 0.0 0.0 0.0 0.0 0.0 0.0 0.0 
1567367973143 digital 0 0 0 0 0 0 0 0 0 0 0 0 0 0 
1567367973143 analog 0.0 0.0 0.0 0.0 0.0 0.0 0.0 0.0 0.0 0.0 0.0 0.0 0.0 0.0 
1567368030229 digital 0 0 0 0 0 0 0 0 0 0 0 0 0 0 
1567368030229 analog 0.0 0.0 0.0 0.0 0.0 0.0 0.0 0.0 0.0 0.0 0.0 0.0 0.0 0.0 
1567368165124 digital 0 0 0 0 0 0 0 0 1 0 0 0 0 0 
1567368165124 analog 0.0 0.0 0.0 0.0 0.0 0.0 0.0 0.0 0.0 0.0 0.0 0.0 0.0 0.0 
1567368171494 digital 0 0 0 0 0 0 0 0 0 0 0 0 0 0 
1567368171494 analog 0.0 0.0 0.0 0.0 0.0 0.0 0.0 0.0 0.0 0.0 0.0 0.0 0.0 0.0 
1567368174275 digital 0 0 0 0 0 0 0 0 1 0 0 0 0 0 
1567368174275 analog 0.0 0.0 0.0 0.0 0.0 0.0 0.0 0.0 0.0 0.0 0.0 0.0 0.0 0.0 
1567368193172 digital 0 0 0 0 0 0 0 0 1 0 1 0 0 0 
1567368193172 analog 0.0 0.0 0.0 0.0 0.0 0.0 0.0 0.0 0.0 0.0 0.0 0.0 0.0 0.0 
1567368225246 digital 0 0 0 0 0 0 0 0 1 0 0 0 0 0 
1567368225246 analog 0.0 0.0 0.0 0.0 0.0 0.0 0.0 0.0 0.0 0.0 0.0 0.0 0.0 0.0 
1567368552583 digital 0 0 0 0 0 0 0 0 0 0 0 0 0 0 
1567368552583 analog 0.0 0.0 0.0 0.0 0.0 0.0 0.0 0.0 0.0 0.0 0.0 0.0 0.0 0.0 
1567368706410 digital 0 0 0 0 0 0 0 0 0 0 1 0 0 0 
1567368706410 analog 0.0 0.0 0.0 0.0 0.0 0.0 0.0 0.0 0.0 0.0 0.0 0.0 0.0 0.0 
1567368834171 digital 0 0 0 0 0 0 0 0 0 0 0 0 0 0 
1567368834171 analog 0.0 0.0 0.0 0.0 0.0 0.0 0.0 0.0 0.0 0.0 0.0 0.0 0.0 0.0 
1567369033772 digital 0 0 0 0 0 0 0 0 0 0 0 0 0 0 
1567369033772 analog 0.0 0.0 0.0 0.0 0.0 0.0 0.0 0.0 0.0 0.0 0.0 0.0 0.0 0.0 
