time  column1,torr column2,torr vessel torr  
1567609236345 7,500e-05 3,090e-02 3,090e-02
1567609236710 7,500e-05 3,098e-02 3,098e-02
1567609236952 7,500e-05 3,090e-02 3,090e-02
1567609237700 7,500e-05 3,083e-02 3,083e-02
1567609237943 7,500e-05 3,090e-02 3,090e-02
1567609239151 7,500e-05 3,083e-02 3,083e-02
1567609239284 7,500e-05 3,090e-02 3,090e-02
1567609239770 7,500e-05 3,098e-02 3,098e-02
1567609239892 7,500e-05 3,090e-02 3,090e-02
1567609240374 7,500e-05 3,098e-02 3,098e-02
1567609240860 7,500e-05 3,090e-02 3,090e-02
1567609241462 7,500e-05 3,098e-02 3,098e-02
1567609241949 7,500e-05 3,090e-02 3,090e-02
1567609242558 7,500e-05 3,098e-02 3,098e-02
1567609243164 7,500e-05 3,090e-02 3,090e-02
1567609244374 7,500e-05 3,098e-02 3,098e-02
1567609244509 7,500e-05 3,090e-02 3,090e-02
1567609244751 7,500e-05 3,083e-02 3,083e-02
1567609244873 7,500e-05 3,098e-02 3,098e-02
1567609245115 7,500e-05 3,083e-02 3,083e-02
1567609245358 7,500e-05 3,090e-02 3,090e-02
1567609246089 7,500e-05 3,083e-02 3,083e-02
1567609246331 7,500e-05 3,090e-02 3,090e-02
1567609246580 7,500e-05 3,083e-02 3,083e-02
1567609246704 7,500e-05 3,090e-02 3,090e-02
1567609247909 7,500e-05 3,083e-02 3,083e-02
1567609248151 7,500e-05 3,090e-02 3,090e-02
1567609248514 7,500e-05 3,083e-02 3,083e-02
1567609248760 7,500e-05 3,090e-02 3,090e-02
1567609249482 7,500e-05 3,083e-02 3,083e-02
1567609249970 7,500e-05 3,090e-02 3,090e-02
1567609250580 7,500e-05 3,083e-02 3,083e-02
1567609250704 7,500e-05 3,090e-02 3,090e-02
1567609251066 7,500e-05 3,098e-02 3,098e-02
1567609251308 7,500e-05 3,090e-02 3,090e-02
1567609251910 7,500e-05 3,083e-02 3,083e-02
1567609252152 7,500e-05 3,090e-02 3,090e-02
1567609252514 7,500e-05 3,083e-02 3,083e-02
1567609252760 7,500e-05 3,090e-02 3,090e-02
1567609253394 7,500e-05 3,083e-02 3,083e-02
1567609253516 7,500e-05 3,090e-02 3,090e-02
1567609254360 7,500e-05 3,083e-02 3,083e-02
1567609254727 7,500e-05 3,090e-02 3,090e-02
1567609255570 7,500e-05 3,098e-02 3,098e-02
1567609255692 7,500e-05 3,090e-02 3,090e-02
1567609255934 7,500e-05 3,083e-02 3,083e-02
1567609256056 7,500e-05 3,090e-02 3,090e-02
1567609256298 7,500e-05 3,098e-02 3,098e-02
1567609256660 7,500e-05 3,090e-02 3,090e-02
1567609257750 7,500e-05 3,098e-02 3,098e-02
1567609257872 7,500e-05 3,090e-02 3,090e-02
1567609258474 7,500e-05 3,098e-02 3,098e-02
1567609258960 7,500e-05 3,090e-02 3,090e-02
1567609260170 7,500e-05 3,083e-02 3,083e-02
1567609260292 7,500e-05 3,090e-02 3,090e-02
1567609260540 7,500e-05 3,083e-02 3,083e-02
1567609260661 7,500e-05 3,075e-02 3,075e-02
1567609260903 7,500e-05 3,090e-02 3,090e-02
1567609261505 7,500e-05 3,098e-02 3,098e-02
1567609261756 7,500e-05 3,090e-02 3,090e-02
1567609263085 7,500e-05 3,098e-02 3,098e-02
1567609263693 7,500e-05 3,090e-02 3,090e-02
1567609264055 7,500e-05 3,083e-02 3,083e-02
1567609264660 7,500e-05 3,090e-02 3,090e-02
1567609264902 7,500e-05 3,098e-02 3,098e-02
1567609265264 7,500e-05 3,090e-02 3,090e-02
1567609266110 7,500e-05 3,098e-02 3,098e-02
1567609266352 7,500e-05 3,090e-02 3,090e-02
1567609266487 7,500e-05 3,098e-02 3,098e-02
1567609266971 7,500e-05 3,090e-02 3,090e-02
1567609267333 7,500e-05 3,083e-02 3,083e-02
1567609267700 7,500e-05 3,090e-02 3,090e-02
1567609268062 7,500e-05 3,098e-02 3,098e-02
1567609268553 7,500e-05 3,090e-02 3,090e-02
1567609268675 7,500e-05 3,068e-02 3,068e-02
1567609268917 7,500e-05 3,083e-02 3,083e-02
1567609269159 7,500e-05 3,090e-02 3,090e-02
1567609269770 7,500e-05 3,098e-02 3,098e-02
1567609269892 7,500e-05 3,090e-02 3,090e-02
1567609270134 7,500e-05 3,098e-02 3,098e-02
1567609270256 7,500e-05 3,090e-02 3,090e-02
1567609270498 7,500e-05 3,075e-02 3,075e-02
1567609270861 7,500e-05 3,090e-02 3,090e-02
1567609271462 7,500e-05 3,098e-02 3,098e-02
1567609271711 7,500e-05 3,090e-02 3,090e-02
1567609272073 7,500e-05 3,083e-02 3,083e-02
1567609272315 7,500e-05 3,090e-02 3,090e-02
1567609272560 7,500e-05 3,083e-02 3,083e-02
1567609273163 7,500e-05 3,098e-02 3,098e-02
1567609273525 7,500e-05 3,083e-02 3,083e-02
1567609273773 7,500e-05 3,090e-02 3,090e-02
1567609273895 7,500e-05 3,083e-02 3,083e-02
1567609274256 7,500e-05 3,098e-02 3,098e-02
1567609274497 7,500e-05 3,083e-02 3,083e-02
1567609274859 7,500e-05 3,090e-02 3,090e-02
1567609277150 7,500e-05 3,083e-02 3,083e-02
1567609277512 7,500e-05 3,090e-02 3,090e-02
1567609278121 7,500e-05 3,083e-02 3,083e-02
1567609278363 7,500e-05 3,090e-02 3,090e-02
1567609278730 7,500e-05 3,105e-02 3,105e-02
1567609278972 7,500e-05 3,090e-02 3,090e-02
1567609279700 7,500e-05 3,083e-02 3,083e-02
1567609279942 7,500e-05 3,090e-02 3,090e-02
1567609280064 7,500e-05 3,098e-02 3,098e-02
1567609280546 7,500e-05 3,090e-02 3,090e-02
1567609280909 7,500e-05 3,083e-02 3,083e-02
1567609281154 7,500e-05 3,090e-02 3,090e-02
1567609281516 7,500e-05 3,083e-02 3,083e-02
1567609281694 7,500e-05 3,098e-02 3,098e-02
1567609281936 7,500e-05 3,090e-02 3,090e-02
1567609282660 7,500e-05 3,098e-02 3,098e-02
1567609282902 7,500e-05 3,090e-02 3,090e-02
1567609283264 7,500e-05 3,098e-02 3,098e-02
1567609283506 7,500e-05 3,083e-02 3,083e-02
1567609283750 7,500e-05 3,090e-02 3,090e-02
1567609284112 7,500e-05 3,083e-02 3,083e-02
1567609284354 7,500e-05 3,090e-02 3,090e-02
1567609284476 7,500e-05 3,098e-02 3,098e-02
1567609284961 7,500e-05 3,090e-02 3,090e-02
1567609285324 7,500e-05 3,083e-02 3,083e-02
1567609285571 7,500e-05 3,098e-02 3,098e-02
1567609285693 7,500e-05 3,083e-02 3,083e-02
1567609285935 7,500e-05 3,090e-02 3,090e-02
1567609286321 7,500e-05 3,083e-02 3,083e-02
1567609286691 7,500e-05 3,090e-02 3,090e-02
1567609286933 7,500e-05 3,083e-02 3,083e-02
1567609287056 7,500e-05 3,090e-02 3,090e-02
1567609289952 7,500e-05 3,083e-02 3,083e-02
1567609290074 7,500e-05 3,090e-02 3,090e-02
1567609290561 7,500e-05 3,075e-02 3,075e-02
1567609290683 7,500e-05 3,090e-02 3,090e-02
1567609291530 7,500e-05 3,083e-02 3,083e-02
1567609291770 7,500e-05 3,090e-02 3,090e-02
1567609291892 7,500e-05 3,083e-02 3,083e-02
1567609292133 7,500e-05 3,090e-02 3,090e-02
1567609293340 7,500e-05 3,083e-02 3,083e-02
1567609293461 7,500e-05 3,090e-02 3,090e-02
1567609293710 7,500e-05 3,098e-02 3,098e-02
1567609293952 7,500e-05 3,090e-02 3,090e-02
1567609294314 7,500e-05 3,098e-02 3,098e-02
1567609295172 7,500e-05 3,090e-02 3,090e-02
1567609295660 7,500e-05 3,083e-02 3,083e-02
1567609295902 7,500e-05 3,098e-02 3,098e-02
1567609296144 7,500e-05 3,090e-02 3,090e-02
1567609296265 7,500e-05 3,098e-02 3,098e-02
1567609296870 7,500e-05 3,090e-02 3,090e-02
1567609297351 7,500e-05 3,098e-02 3,098e-02
1567609297473 7,500e-05 3,090e-02 3,090e-02
1567609297720 7,500e-05 3,083e-02 3,083e-02
1567609297962 7,500e-05 3,090e-02 3,090e-02
1567609298083 7,500e-05 3,083e-02 3,083e-02
1567609298570 7,500e-05 3,098e-02 3,098e-02
1567609298691 7,500e-05 3,090e-02 3,090e-02
1567609298932 7,500e-05 3,083e-02 3,083e-02
1567609299663 7,500e-05 3,090e-02 3,090e-02
1567609299905 7,500e-05 3,083e-02 3,083e-02
1567609300147 7,500e-05 3,090e-02 3,090e-02
1567609300750 7,500e-05 3,098e-02 3,098e-02
1567609301111 7,500e-05 3,090e-02 3,090e-02
1567609302566 7,500e-05 3,083e-02 3,083e-02
1567609303167 7,500e-05 3,090e-02 3,090e-02
1567609303769 7,500e-05 3,098e-02 3,098e-02
1567609303890 7,500e-05 3,090e-02 3,090e-02
1567609304371 7,500e-05 3,083e-02 3,083e-02
1567609304492 7,500e-05 3,098e-02 3,098e-02
1567609304861 7,500e-05 3,090e-02 3,090e-02
1567609305103 7,500e-05 3,083e-02 3,083e-02
1567609305464 7,500e-05 3,090e-02 3,090e-02
1567609306314 7,500e-05 3,098e-02 3,098e-02
1567609306561 7,500e-05 3,090e-02 3,090e-02
1567609308371 7,500e-05 3,083e-02 3,083e-02
1567609308493 7,500e-05 3,090e-02 3,090e-02
1567609308901 7,500e-05 3,083e-02 3,083e-02
1567609309143 7,500e-05 3,090e-02 3,090e-02
1567609309506 7,500e-05 3,083e-02 3,083e-02
1567609310111 7,500e-05 3,090e-02 3,090e-02
1567609310352 7,500e-05 3,083e-02 3,083e-02
1567609310473 7,500e-05 3,090e-02 3,090e-02
1567609310721 7,500e-05 3,083e-02 3,083e-02
1567609310966 7,500e-05 3,090e-02 3,090e-02
1567609311088 7,500e-05 3,083e-02 3,083e-02
1567609311691 7,500e-05 3,098e-02 3,098e-02
1567609311933 7,500e-05 3,090e-02 3,090e-02
1567609312661 7,500e-05 3,105e-02 3,105e-02
1567609312903 7,500e-05 3,083e-02 3,083e-02
1567609313265 7,500e-05 3,090e-02 3,090e-02
1567609313506 7,500e-05 3,083e-02 3,083e-02
1567609313751 7,500e-05 3,098e-02 3,098e-02
1567609314112 7,500e-05 3,090e-02 3,090e-02
1567609314474 7,500e-05 3,098e-02 3,098e-02
1567609314961 7,500e-05 3,083e-02 3,083e-02
1567609315322 7,500e-05 3,090e-02 3,090e-02
1567609315571 7,500e-05 3,098e-02 3,098e-02
1567609315933 7,500e-05 3,090e-02 3,090e-02
1567609316660 7,500e-05 3,083e-02 3,083e-02
1567609317262 7,500e-05 3,098e-02 3,098e-02
1567609317504 7,500e-05 3,068e-02 3,068e-02
1567609317750 7,500e-05 3,098e-02 3,098e-02
1567609317872 7,500e-05 3,090e-02 3,090e-02
1567609318113 7,500e-05 3,083e-02 3,083e-02
1567609318723 7,500e-05 3,090e-02 3,090e-02
1567609320170 7,500e-05 3,083e-02 3,083e-02
1567609320292 7,500e-05 3,090e-02 3,090e-02
1567609320551 7,500e-05 3,098e-02 3,098e-02
1567609320673 7,500e-05 3,090e-02 3,090e-02
1567609321515 7,500e-05 3,083e-02 3,083e-02
1567609321761 7,500e-05 3,090e-02 3,090e-02
1567609321886 7,500e-05 3,083e-02 3,083e-02
1567609322368 7,500e-05 3,090e-02 3,090e-02
1567609322497 7,500e-05 3,083e-02 3,083e-02
1567609323343 7,500e-05 3,098e-02 3,098e-02
1567609323464 7,500e-05 3,083e-02 3,083e-02
1567609323717 7,500e-05 3,090e-02 3,090e-02
1567609323958 7,500e-05 3,083e-02 3,083e-02
1567609324319 7,500e-05 3,090e-02 3,090e-02
1567609324561 7,500e-05 3,098e-02 3,098e-02
1567609324682 7,500e-05 3,090e-02 3,090e-02
1567609324923 7,500e-05 3,083e-02 3,083e-02
1567609325164 7,500e-05 3,090e-02 3,090e-02
1567609325286 7,500e-05 3,083e-02 3,083e-02
1567609325891 7,500e-05 3,098e-02 3,098e-02
1567609326372 7,500e-05 3,090e-02 3,090e-02
1567609326493 7,500e-05 3,083e-02 3,083e-02
1567609326857 7,500e-05 3,090e-02 3,090e-02
1567609327098 7,500e-05 3,098e-02 3,098e-02
1567609327708 7,500e-05 3,090e-02 3,090e-02
1567609328309 7,500e-05 3,098e-02 3,098e-02
1567609328911 7,500e-05 3,090e-02 3,090e-02
1567609329152 7,500e-05 3,098e-02 3,098e-02
1567609329274 7,500e-05 3,090e-02 3,090e-02
1567609329761 7,500e-05 3,105e-02 3,105e-02
1567609330122 7,500e-05 3,128e-02 3,128e-02
1567609330363 7,500e-05 3,158e-02 3,158e-02
1567609330967 7,500e-05 3,195e-02 3,195e-02
1567609331571 7,500e-05 3,225e-02 3,225e-02
1567609331932 7,500e-05 3,233e-02 3,233e-02
1567609332054 7,500e-05 3,240e-02 3,240e-02
1567609332296 7,500e-05 3,248e-02 3,248e-02
1567609332661 7,500e-05 3,263e-02 3,263e-02
1567609333262 7,500e-05 3,270e-02 3,270e-02
1567609333751 7,500e-05 3,278e-02 3,278e-02
1567609334473 7,500e-05 3,285e-02 3,285e-02
1567609334961 7,500e-05 3,278e-02 3,278e-02
1567609335083 7,500e-05 3,292e-02 3,292e-02
1567609335324 7,500e-05 3,285e-02 3,285e-02
1567609335613 7,500e-05 3,292e-02 3,292e-02
1567609335750 7,500e-05 3,285e-02 3,285e-02
1567609335871 7,500e-05 3,292e-02 3,292e-02
1567609336474 7,500e-05 3,300e-02 3,300e-02
1567609336721 7,500e-05 3,292e-02 3,292e-02
1567609337323 7,500e-05 3,300e-02 3,300e-02
1567609337687 7,500e-05 3,308e-02 3,308e-02
1567609338169 7,500e-05 3,285e-02 3,285e-02
1567609338311 7,500e-05 3,458e-02 3,458e-02
1567609338561 7,500e-05 3,690e-02 3,690e-02
1567609338682 7,500e-05 3,923e-02 3,923e-02
1567609338936 7,500e-05 4,133e-02 4,133e-02
1567609339058 7,500e-05 4,350e-02 4,350e-02
1567609339300 7,500e-05 4,553e-02 4,553e-02
1567609339543 7,500e-05 4,748e-02 4,748e-02
1567609339664 7,500e-05 4,912e-02 4,912e-02
1567609339905 7,500e-05 5,078e-02 5,078e-02
1567609340146 7,500e-05 5,228e-02 5,228e-02
1567609340507 7,500e-05 5,595e-02 5,595e-02
1567609340751 7,500e-05 5,783e-02 5,783e-02
1567609340872 7,500e-05 5,933e-02 5,933e-02
1567609341113 7,500e-05 6,135e-02 6,135e-02
1567609341355 7,500e-05 6,360e-02 6,360e-02
1567609341721 7,500e-05 7,275e-02 7,275e-02
1567609341963 7,500e-05 7,950e-02 7,950e-02
1567609342085 7,500e-05 1,020e-01 1,020e-01
1567609342571 7,500e-05 3,255e-01 3,255e-01
1567609342693 7,500e-05 2,325e+00 2,325e+00
1567609342934 7,500e-05 5,475e+00 5,475e+00
1567609343055 7,500e-05 1,050e+01 1,050e+01
1567609343297 7,500e-05 2,025e+01 2,025e+01
1567609343661 7,500e-05 4,275e+01 4,275e+01
1567609343903 7,500e-05 5,250e+01 5,250e+01
1567609344505 7,500e-05 9,750e+01 9,750e+01
1567609345106 7,500e-05 1,350e+02 1,350e+02
1567609345713 7,500e-05 1,725e+02 1,725e+02
1567609345955 7,500e-05 2,025e+02 2,025e+02
1567609346317 7,500e-05 2,325e+02 2,325e+02
1567609346572 7,500e-05 2,400e+02 2,400e+02
1567609346693 7,500e-05 2,625e+02 2,625e+02
1567609347054 7,500e-05 2,775e+02 2,775e+02
1567609347299 7,500e-05 2,850e+02 2,850e+02
1567609347541 7,500e-05 3,000e+02 3,000e+02
1567609347905 7,500e-05 3,225e+02 3,225e+02
1567609348506 7,500e-05 2,775e+02 2,775e+02
1567609349107 7,500e-05 3,000e+02 3,000e+02
1567609349469 7,500e-05 3,525e+02 3,525e+02
1567609349711 7,500e-05 3,600e+02 3,600e+02
1567609349952 7,500e-05 3,900e+02 3,900e+02
1567609350073 7,500e-05 3,975e+02 3,975e+02
1567609350320 7,500e-05 4,275e+02 4,275e+02
1567609350561 7,500e-05 4,350e+02 4,350e+02
1567609350683 7,500e-05 4,650e+02 4,650e+02
1567609350924 7,500e-05 5,025e+02 5,025e+02
1567609351165 7,500e-05 5,250e+02 5,250e+02
1567609351771 7,500e-05 6,000e+02 6,000e+02
1567609352133 7,500e-05 6,750e+02 6,750e+02
1567609352741 7,500e-05 7,500e+02 7,500e+02
1567609374512 7,500e-05 6,750e+02 6,750e+02
1567609374762 7,500e-05 7,500e+02 7,500e+02
1567609375365 7,500e-05 6,750e+02 6,750e+02
1567609378862 7,500e-05 6,000e+02 6,000e+02
1567609381153 7,500e-05 5,250e+02 5,250e+02
1567609381275 7,500e-05 6,000e+02 6,000e+02
1567609381518 7,500e-05 5,250e+02 5,250e+02
1567609383322 7,500e-05 5,100e+02 5,100e+02
1567609383572 7,500e-05 5,025e+02 5,025e+02
1567609383694 7,500e-05 5,100e+02 5,100e+02
1567609384056 7,500e-05 5,025e+02 5,025e+02
1567609384662 7,500e-05 4,875e+02 4,875e+02
1567609385662 7,500e-05 4,725e+02 4,725e+02
1567609385903 7,500e-05 4,650e+02 4,650e+02
1567609386505 7,500e-05 4,500e+02 4,500e+02
1567609387091 7,500e-05 4,275e+02 4,275e+02
1567609387935 7,500e-05 4,125e+02 4,125e+02
1567609388056 7,500e-05 3,975e+02 3,975e+02
1567609388897 7,500e-05 3,900e+02 3,900e+02
1567609389258 7,500e-05 3,600e+02 3,600e+02
1567609389861 7,500e-05 3,525e+02 3,525e+02
1567609390462 7,500e-05 3,225e+02 3,225e+02
1567609390711 7,500e-05 3,375e+02 3,375e+02
1567609390953 7,500e-05 3,225e+02 3,225e+02
1567609391316 7,500e-05 3,000e+02 3,000e+02
1567609392519 7,500e-05 2,925e+02 2,925e+02
1567609392761 7,500e-05 2,850e+02 2,850e+02
1567609393362 7,500e-05 2,775e+02 2,775e+02
1567609394098 7,500e-05 2,700e+02 2,700e+02
1567609394700 7,500e-05 2,625e+02 2,625e+02
1567609395301 7,500e-05 2,550e+02 2,550e+02
1567609395662 7,500e-05 2,475e+02 2,475e+02
1567609396143 7,500e-05 2,400e+02 2,400e+02
1567609396746 7,500e-05 2,325e+02 2,325e+02
1567609397349 7,500e-05 2,250e+02 2,250e+02
1567609397950 7,500e-05 2,175e+02 2,175e+02
1567609398552 7,500e-05 2,100e+02 2,100e+02
1567609398679 7,500e-05 2,025e+02 2,025e+02
1567609399521 7,500e-05 1,875e+02 1,875e+02
1567609399762 7,500e-05 1,950e+02 1,950e+02
1567609400123 7,500e-05 1,800e+02 1,800e+02
1567609400734 7,500e-05 1,725e+02 1,725e+02
1567609401456 7,500e-05 1,575e+02 1,575e+02
1567609402057 7,500e-05 1,500e+02 1,500e+02
1567609402899 7,500e-05 1,425e+02 1,425e+02
1567609404360 7,500e-05 1,350e+02 1,350e+02
1567609405561 7,500e-05 1,275e+02 1,275e+02
1567609406882 7,500e-05 1,200e+02 1,200e+02
1567609408087 7,500e-05 1,125e+02 1,125e+02
1567609409054 7,500e-05 1,050e+02 1,050e+02
1567609410263 7,500e-05 9,750e+01 9,750e+01
1567609411732 7,500e-05 9,000e+01 9,000e+01
1567609412702 7,500e-05 8,250e+01 8,250e+01
1567609413712 7,500e-05 7,500e+01 7,500e+01
1567609413953 7,500e-05 7,425e+01 7,425e+01
1567609414563 7,500e-05 7,350e+01 7,350e+01
1567609415174 7,500e-05 7,200e+01 7,200e+01
1567609415295 7,500e-05 7,050e+01 7,050e+01
1567609415656 7,500e-05 6,900e+01 6,900e+01
1567609416259 7,500e-05 6,675e+01 6,675e+01
1567609416862 7,500e-05 6,600e+01 6,600e+01
1567609417103 7,500e-05 6,450e+01 6,450e+01
1567609417464 7,500e-05 6,300e+01 6,300e+01
1567609417712 7,500e-05 6,225e+01 6,225e+01
1567609417954 7,500e-05 6,150e+01 6,150e+01
1567609418076 7,500e-05 6,075e+01 6,075e+01
1567609418562 7,500e-05 6,000e+01 6,000e+01
1567609418683 7,500e-05 5,850e+01 5,850e+01
1567609419166 7,500e-05 5,775e+01 5,775e+01
1567609419288 7,500e-05 5,550e+01 5,550e+01
1567609419652 7,500e-05 5,400e+01 5,400e+01
1567609420151 7,500e-05 5,325e+01 5,325e+01
1567609420512 7,500e-05 5,175e+01 5,175e+01
1567609421134 7,500e-05 5,100e+01 5,100e+01
1567609421498 7,500e-05 5,025e+01 5,025e+01
1567609421862 7,500e-05 4,950e+01 4,950e+01
1567609422463 7,500e-05 4,875e+01 4,875e+01
1567609422704 7,500e-05 4,800e+01 4,800e+01
1567609423305 7,500e-05 4,725e+01 4,725e+01
1567609423552 7,500e-05 4,650e+01 4,650e+01
1567609423914 7,500e-05 4,575e+01 4,575e+01
1567609424515 7,500e-05 4,500e+01 4,500e+01
1567609424882 7,500e-05 4,425e+01 4,425e+01
1567609425124 7,500e-05 4,350e+01 4,350e+01
1567609425365 7,500e-05 4,275e+01 4,275e+01
1567609425853 7,500e-05 4,200e+01 4,200e+01
1567609426454 7,500e-05 4,050e+01 4,050e+01
1567609427056 7,500e-05 3,975e+01 3,975e+01
1567609427297 7,500e-05 3,900e+01 3,900e+01
1567609427662 7,500e-05 3,825e+01 3,825e+01
1567609427907 7,500e-05 3,750e+01 3,750e+01
1567609428149 7,500e-05 3,675e+01 3,675e+01
1567609428270 7,500e-05 3,600e+01 3,600e+01
1567609428873 7,500e-05 3,525e+01 3,525e+01
1567609429115 7,500e-05 3,450e+01 3,450e+01
1567609429723 7,500e-05 3,375e+01 3,375e+01
1567609429964 7,500e-05 3,300e+01 3,300e+01
1567609430570 7,500e-05 3,150e+01 3,150e+01
1567609430696 7,500e-05 3,075e+01 3,075e+01
1567609431057 7,500e-05 3,000e+01 3,000e+01
1567609431673 7,500e-05 2,925e+01 2,925e+01
1567609432683 7,500e-05 2,850e+01 2,850e+01
1567609433553 7,500e-05 2,775e+01 2,775e+01
1567609434177 7,500e-05 2,700e+01 2,700e+01
1567609434967 7,500e-05 2,625e+01 2,625e+01
1567609435698 7,500e-05 2,550e+01 2,550e+01
1567609436550 7,500e-05 2,475e+01 2,475e+01
1567609437289 7,500e-05 2,400e+01 2,400e+01
1567609438132 7,500e-05 2,325e+01 2,325e+01
1567609438853 7,500e-05 2,250e+01 2,250e+01
1567609439455 7,500e-05 2,175e+01 2,175e+01
1567609440062 7,500e-05 2,100e+01 2,100e+01
1567609440675 7,500e-05 2,025e+01 2,025e+01
1567609441518 7,500e-05 1,950e+01 1,950e+01
1567609441907 7,500e-05 1,875e+01 1,875e+01
1567609442652 7,500e-05 1,800e+01 1,800e+01
1567609443253 7,500e-05 1,725e+01 1,725e+01
1567609443862 7,500e-05 1,650e+01 1,650e+01
1567609444471 7,500e-05 1,575e+01 1,575e+01
1567609444954 7,500e-05 1,500e+01 1,500e+01
1567609446163 7,500e-05 1,425e+01 1,425e+01
1567609447873 7,500e-05 1,350e+01 1,350e+01
1567609449685 7,500e-05 1,275e+01 1,275e+01
1567609451253 7,500e-05 1,200e+01 1,200e+01
1567609452962 7,500e-05 1,125e+01 1,125e+01
1567609454573 7,500e-05 1,050e+01 1,050e+01
1567609455903 7,500e-05 9,750e+00 9,750e+00
1567609457531 7,500e-05 9,000e+00 9,000e+00
1567609458508 7,500e-05 8,250e+00 8,250e+00
1567609459752 7,500e-05 7,500e+00 7,500e+00
1567609460768 7,500e-05 7,425e+00 7,425e+00
1567609460929 7,500e-05 7,350e+00 7,350e+00
1567609461320 7,500e-05 7,275e+00 7,275e+00
1567609461572 7,500e-05 7,200e+00 7,200e+00
1567609461941 7,500e-05 7,125e+00 7,125e+00
1567609462303 7,500e-05 7,050e+00 7,050e+00
1567609462552 7,500e-05 6,975e+00 6,975e+00
1567609462922 7,500e-05 6,900e+00 6,900e+00
1567609463163 7,500e-05 6,825e+00 6,825e+00
1567609463652 7,500e-05 6,675e+00 6,675e+00
1567609464254 7,500e-05 6,525e+00 6,525e+00
1567609464743 7,500e-05 6,450e+00 6,450e+00
1567609465104 7,500e-05 6,375e+00 6,375e+00
1567609465346 7,500e-05 6,300e+00 6,300e+00
1567609465467 7,500e-05 6,225e+00 6,225e+00
1567609465953 7,500e-05 6,150e+00 6,150e+00
1567609466314 7,500e-05 6,075e+00 6,075e+00
1567609466555 7,500e-05 6,000e+00 6,000e+00
1567609466915 7,500e-05 5,850e+00 5,850e+00
1567609467276 7,500e-05 5,775e+00 5,775e+00
1567609467517 7,500e-05 5,700e+00 5,700e+00
1567609467931 7,500e-05 5,625e+00 5,625e+00
1567609468052 7,500e-05 5,550e+00 5,550e+00
1567609468549 7,500e-05 5,475e+00 5,475e+00
1567609468670 7,500e-05 5,400e+00 5,400e+00
1567609468911 7,500e-05 5,325e+00 5,325e+00
1567609469281 7,500e-05 5,250e+00 5,250e+00
1567609469763 7,500e-05 5,175e+00 5,175e+00
1567609470132 7,500e-05 5,100e+00 5,100e+00
1567609470764 7,500e-05 5,025e+00 5,025e+00
1567609471268 7,500e-05 4,950e+00 4,950e+00
1567609471888 7,500e-05 4,875e+00 4,875e+00
1567609472497 7,500e-05 4,800e+00 4,800e+00
1567609472863 7,500e-05 4,725e+00 4,725e+00
1567609473490 7,500e-05 4,650e+00 4,650e+00
1567609474094 7,500e-05 4,575e+00 4,575e+00
1567609474703 7,500e-05 4,500e+00 4,500e+00
1567609475306 7,500e-05 4,425e+00 4,425e+00
1567609475695 7,500e-05 4,350e+00 4,350e+00
1567609476057 7,500e-05 4,275e+00 4,275e+00
1567609476914 7,500e-05 4,200e+00 4,200e+00
1567609477156 7,500e-05 4,125e+00 4,125e+00
1567609477766 7,500e-05 4,050e+00 4,050e+00
1567609478254 7,500e-05 3,975e+00 3,975e+00
1567609478747 7,500e-05 3,900e+00 3,900e+00
1567609479348 7,500e-05 3,825e+00 3,825e+00
1567609479748 7,500e-05 3,750e+00 3,750e+00
1567609480109 7,500e-05 3,675e+00 3,675e+00
1567609480760 7,500e-05 3,600e+00 3,600e+00
1567609481121 7,500e-05 3,525e+00 3,525e+00
1567609481963 7,500e-05 3,450e+00 3,450e+00
1567609482087 7,500e-05 3,375e+00 3,375e+00
1567609482699 7,500e-05 3,300e+00 3,300e+00
1567609483062 7,500e-05 3,225e+00 3,225e+00
1567609484063 7,500e-05 3,075e+00 3,075e+00
1567609484558 7,500e-05 3,000e+00 3,000e+00
1567609485553 7,500e-05 2,925e+00 2,925e+00
1567609486763 7,500e-05 2,850e+00 2,850e+00
1567609487893 7,500e-05 2,775e+00 2,775e+00
1567609489160 7,500e-05 2,700e+00 2,700e+00
1567609490593 7,500e-05 2,625e+00 2,625e+00
1567609491565 7,500e-05 2,550e+00 2,550e+00
1567609492653 7,500e-05 2,475e+00 2,475e+00
1567609494103 7,500e-05 2,400e+00 2,400e+00
1567609495101 7,500e-05 2,325e+00 2,325e+00
1567609496321 7,500e-05 2,250e+00 2,250e+00
1567609497922 7,500e-05 2,175e+00 2,175e+00
1567609498660 7,500e-05 2,100e+00 2,100e+00
1567609500184 7,500e-05 2,025e+00 2,025e+00
1567609501155 7,500e-05 1,950e+00 1,950e+00
1567609502365 7,500e-05 1,875e+00 1,875e+00
1567609503734 7,500e-05 1,800e+00 1,800e+00
1567609504712 7,500e-05 1,725e+00 1,725e+00
1567609505941 7,500e-05 1,650e+00 1,650e+00
1567609507165 7,500e-05 1,575e+00 1,575e+00
1567609508255 7,500e-05 1,500e+00 1,500e+00
1567609509105 7,500e-05 1,493e+00 1,493e+00
1567609509474 7,500e-05 1,485e+00 1,485e+00
1567609509965 7,500e-05 1,478e+00 1,478e+00
1567609510086 7,500e-05 1,470e+00 1,470e+00
1567609510327 7,500e-05 1,463e+00 1,463e+00
1567609510694 7,500e-05 1,455e+00 1,455e+00
1567609511066 7,500e-05 1,448e+00 1,448e+00
1567609511313 7,500e-05 1,440e+00 1,440e+00
1567609511683 7,500e-05 1,432e+00 1,432e+00
1567609512164 7,500e-05 1,425e+00 1,425e+00
1567609512286 7,500e-05 1,418e+00 1,418e+00
1567609512527 7,500e-05 1,410e+00 1,410e+00
1567609512893 7,500e-05 1,403e+00 1,403e+00
1567609513254 7,500e-05 1,395e+00 1,395e+00
1567609513495 7,500e-05 1,388e+00 1,388e+00
1567609514103 7,500e-05 1,373e+00 1,373e+00
1567609514484 7,500e-05 1,365e+00 1,365e+00
1567609514734 7,500e-05 1,358e+00 1,358e+00
1567609515095 7,500e-05 1,350e+00 1,350e+00
1567609515456 7,500e-05 1,343e+00 1,343e+00
1567609515703 7,500e-05 1,335e+00 1,335e+00
1567609516316 7,500e-05 1,320e+00 1,320e+00
1567609516684 7,500e-05 1,313e+00 1,313e+00
1567609516925 7,500e-05 1,305e+00 1,305e+00
1567609517305 7,500e-05 1,297e+00 1,297e+00
1567609517553 7,500e-05 1,290e+00 1,290e+00
1567609517914 7,500e-05 1,283e+00 1,283e+00
1567609518278 7,500e-05 1,275e+00 1,275e+00
1567609518526 7,500e-05 1,268e+00 1,268e+00
1567609518925 7,500e-05 1,260e+00 1,260e+00
1567609519322 7,500e-05 1,253e+00 1,253e+00
1567609519571 7,500e-05 1,245e+00 1,245e+00
1567609520054 7,500e-05 1,237e+00 1,237e+00
1567609520321 7,500e-05 1,230e+00 1,230e+00
1567609520564 7,500e-05 1,223e+00 1,223e+00
1567609520933 7,500e-05 1,215e+00 1,215e+00
1567609521294 7,500e-05 1,208e+00 1,208e+00
1567609521919 7,500e-05 1,193e+00 1,193e+00
1567609522520 7,500e-05 1,185e+00 1,185e+00
1567609522767 7,500e-05 1,178e+00 1,178e+00
1567609522888 7,500e-05 1,170e+00 1,170e+00
1567609523369 7,500e-05 1,163e+00 1,163e+00
1567609523491 7,500e-05 1,155e+00 1,155e+00
1567609523856 7,500e-05 1,148e+00 1,148e+00
1567609524338 7,500e-05 1,140e+00 1,140e+00
1567609524704 7,500e-05 1,133e+00 1,133e+00
1567609524945 7,500e-05 1,125e+00 1,125e+00
1567609525313 7,500e-05 1,118e+00 1,118e+00
1567609525688 7,500e-05 1,110e+00 1,110e+00
1567609525930 7,500e-05 1,103e+00 1,103e+00
1567609526293 7,500e-05 1,095e+00 1,095e+00
1567609526654 7,500e-05 1,088e+00 1,088e+00
1567609527259 7,500e-05 1,073e+00 1,073e+00
1567609527500 7,500e-05 1,065e+00 1,065e+00
1567609528113 7,500e-05 1,057e+00 1,057e+00
1567609528481 7,500e-05 1,050e+00 1,050e+00
1567609528736 7,500e-05 1,043e+00 1,043e+00
1567609529143 7,500e-05 1,035e+00 1,035e+00
1567609529504 7,500e-05 1,028e+00 1,028e+00
1567609529754 7,500e-05 1,020e+00 1,020e+00
1567609530118 7,500e-05 1,013e+00 1,013e+00
1567609530479 7,500e-05 1,005e+00 1,005e+00
1567609530966 7,500e-05 9,975e-01 9,975e-01
1567609531327 7,500e-05 9,900e-01 9,900e-01
1567609531453 7,500e-05 9,825e-01 9,825e-01
1567609531945 7,500e-05 9,750e-01 9,750e-01
1567609532306 7,500e-05 9,675e-01 9,675e-01
1567609533163 7,500e-05 9,525e-01 9,525e-01
1567609533653 7,500e-05 9,450e-01 9,450e-01
1567609533895 7,500e-05 9,375e-01 9,375e-01
1567609534136 7,500e-05 9,300e-01 9,300e-01
1567609534498 7,500e-05 9,225e-01 9,225e-01
1567609535103 7,500e-05 9,150e-01 9,150e-01
1567609535344 7,500e-05 9,075e-01 9,075e-01
1567609535713 7,500e-05 9,000e-01 9,000e-01
1567609535954 7,500e-05 8,925e-01 8,925e-01
1567609536319 7,500e-05 8,850e-01 8,850e-01
1567609536694 7,500e-05 8,775e-01 8,775e-01
1567609537055 7,500e-05 8,700e-01 8,700e-01
1567609537544 7,500e-05 8,625e-01 8,625e-01
1567609537921 7,500e-05 8,550e-01 8,550e-01
1567609538283 7,500e-05 8,475e-01 8,475e-01
1567609538654 7,500e-05 8,400e-01 8,400e-01
1567609539255 7,500e-05 8,325e-01 8,325e-01
1567609539496 7,500e-05 8,250e-01 8,250e-01
1567609539886 7,500e-05 8,175e-01 8,175e-01
1567609540127 7,500e-05 8,100e-01 8,100e-01
1567609540734 7,500e-05 8,025e-01 8,025e-01
1567609540856 7,500e-05 7,950e-01 7,950e-01
1567609541340 7,500e-05 7,875e-01 7,875e-01
1567609541945 7,500e-05 7,800e-01 7,800e-01
1567609542307 7,500e-05 7,725e-01 7,725e-01
1567609542554 7,500e-05 7,650e-01 7,650e-01
1567609542917 7,500e-05 7,575e-01 7,575e-01
1567609543299 7,500e-05 7,500e-01 7,500e-01
1567609543544 7,500e-05 7,485e-01 7,485e-01
1567609543909 7,500e-05 7,448e-01 7,448e-01
1567609544151 7,500e-05 7,425e-01 7,425e-01
1567609544300 7,500e-05 7,403e-01 7,403e-01
1567609545165 7,500e-05 7,320e-01 7,320e-01
1567609545286 7,500e-05 7,298e-01 7,298e-01
1567609545544 7,500e-05 7,268e-01 7,268e-01
1567609545917 7,500e-05 7,230e-01 7,230e-01
1567609546159 7,500e-05 7,215e-01 7,215e-01
1567609546280 7,500e-05 7,185e-01 7,185e-01
1567609546764 7,500e-05 7,140e-01 7,140e-01
1567609546885 7,500e-05 7,125e-01 7,125e-01
1567609547126 7,500e-05 7,103e-01 7,103e-01
1567609547305 7,500e-05 7,088e-01 7,088e-01
1567609547554 7,500e-05 7,058e-01 7,058e-01
1567609547674 7,500e-05 7,035e-01 7,035e-01
1567609547915 7,500e-05 7,020e-01 7,020e-01
1567609548156 7,500e-05 6,998e-01 6,998e-01
1567609548277 7,500e-05 6,975e-01 6,975e-01
1567609548519 7,500e-05 6,960e-01 6,960e-01
1567609548675 7,500e-05 6,938e-01 6,938e-01
1567609548923 7,500e-05 6,915e-01 6,915e-01
1567609549164 7,500e-05 6,893e-01 6,893e-01
1567609549285 7,500e-05 6,878e-01 6,878e-01
1567609549534 7,500e-05 6,855e-01 6,855e-01
1567609549654 7,500e-05 6,833e-01 6,833e-01
1567609549896 7,500e-05 6,810e-01 6,810e-01
1567609550142 7,500e-05 6,788e-01 6,788e-01
1567609550504 7,500e-05 6,750e-01 6,750e-01
1567609550754 7,500e-05 6,728e-01 6,728e-01
1567609551254 7,500e-05 6,668e-01 6,668e-01
1567609551495 7,500e-05 6,653e-01 6,653e-01
1567609551744 7,500e-05 6,630e-01 6,630e-01
1567609552105 7,500e-05 6,585e-01 6,585e-01
1567609552346 7,500e-05 6,570e-01 6,570e-01
1567609552467 7,500e-05 6,548e-01 6,548e-01
1567609552714 7,500e-05 6,518e-01 6,518e-01
1567609552955 7,500e-05 6,503e-01 6,503e-01
1567609553316 7,500e-05 6,465e-01 6,465e-01
1567609553564 7,500e-05 6,443e-01 6,443e-01
1567609553686 7,500e-05 6,428e-01 6,428e-01
1567609553927 7,500e-05 6,405e-01 6,405e-01
1567609554169 7,500e-05 6,383e-01 6,383e-01
1567609554290 7,500e-05 6,368e-01 6,368e-01
1567609554655 7,500e-05 6,315e-01 6,315e-01
1567609554897 7,500e-05 6,308e-01 6,308e-01
1567609555258 7,500e-05 6,270e-01 6,270e-01
1567609555499 7,500e-05 6,248e-01 6,248e-01
1567609555775 7,500e-05 6,225e-01 6,225e-01
1567609555896 7,500e-05 6,203e-01 6,203e-01
1567609556257 7,500e-05 6,173e-01 6,173e-01
1567609556498 7,500e-05 6,143e-01 6,143e-01
1567609557121 7,500e-05 6,090e-01 6,090e-01
1567609557362 7,500e-05 6,075e-01 6,075e-01
1567609557965 7,500e-05 6,008e-01 6,008e-01
1567609558088 7,500e-05 6,000e-01 6,000e-01
1567609558337 7,500e-05 5,978e-01 5,978e-01
1567609558460 7,500e-05 5,955e-01 5,955e-01
1567609558704 7,500e-05 5,940e-01 5,940e-01
1567609558950 7,500e-05 5,918e-01 5,918e-01
1567609559071 7,500e-05 5,903e-01 5,903e-01
1567609559312 7,500e-05 5,880e-01 5,880e-01
1567609559554 7,500e-05 5,865e-01 5,865e-01
1567609560165 7,500e-05 5,805e-01 5,805e-01
1567609560290 7,500e-05 5,783e-01 5,783e-01
1567609560534 7,500e-05 5,768e-01 5,768e-01
1567609560656 7,500e-05 5,745e-01 5,745e-01
1567609560897 7,500e-05 5,730e-01 5,730e-01
1567609561160 7,500e-05 5,708e-01 5,708e-01
1567609561286 7,500e-05 5,693e-01 5,693e-01
1567609561534 7,500e-05 5,678e-01 5,678e-01
1567609561654 7,500e-05 5,655e-01 5,655e-01
1567609561895 7,500e-05 5,633e-01 5,633e-01
1567609562269 7,500e-05 5,603e-01 5,603e-01
1567609562510 7,500e-05 5,580e-01 5,580e-01
1567609562754 7,500e-05 5,565e-01 5,565e-01
1567609563116 7,500e-05 5,528e-01 5,528e-01
1567609563357 7,500e-05 5,512e-01 5,512e-01
1567609563478 7,500e-05 5,498e-01 5,498e-01
1567609563736 7,500e-05 5,460e-01 5,460e-01
1567609563859 7,500e-05 5,445e-01 5,445e-01
1567609564100 7,500e-05 5,430e-01 5,430e-01
1567609564341 7,500e-05 5,423e-01 5,423e-01
1567609564754 7,500e-05 5,385e-01 5,385e-01
1567609565115 7,500e-05 5,340e-01 5,340e-01
1567609565356 7,500e-05 5,325e-01 5,325e-01
1567609565481 7,500e-05 5,303e-01 5,303e-01
1567609565728 7,500e-05 5,295e-01 5,295e-01
1567609565969 7,500e-05 5,273e-01 5,273e-01
1567609566091 7,500e-05 5,258e-01 5,258e-01
1567609566452 7,500e-05 5,228e-01 5,228e-01
1567609566712 7,500e-05 5,220e-01 5,220e-01
1567609567316 7,500e-05 5,175e-01 5,175e-01
1567609567684 7,500e-05 5,153e-01 5,153e-01
1567609567926 7,500e-05 5,145e-01 5,145e-01
1567609568051 7,500e-05 5,130e-01 5,130e-01
1567609568299 7,500e-05 5,123e-01 5,123e-01
1567609568904 7,500e-05 5,085e-01 5,085e-01
1567609569145 7,500e-05 5,078e-01 5,078e-01
1567609569282 7,500e-05 5,070e-01 5,070e-01
1567609569767 7,500e-05 5,040e-01 5,040e-01
1567609569902 7,500e-05 5,033e-01 5,033e-01
1567609570503 7,500e-05 4,995e-01 4,995e-01
1567609570754 7,500e-05 4,973e-01 4,973e-01
1567609571116 7,500e-05 4,958e-01 4,958e-01
1567609571359 7,500e-05 4,950e-01 4,950e-01
1567609571727 7,500e-05 4,935e-01 4,935e-01
1567609571969 7,500e-05 4,912e-01 4,912e-01
1567609572091 7,500e-05 4,905e-01 4,905e-01
1567609572456 7,500e-05 4,883e-01 4,883e-01
1567609572705 7,500e-05 4,875e-01 4,875e-01
1567609572959 7,500e-05 4,860e-01 4,860e-01
1567609573081 7,500e-05 4,853e-01 4,853e-01
1567609573493 7,500e-05 4,830e-01 4,830e-01
1567609573856 7,500e-05 4,808e-01 4,808e-01
1567609574103 7,500e-05 4,800e-01 4,800e-01
1567609574345 7,500e-05 4,785e-01 4,785e-01
1567609574711 7,500e-05 4,755e-01 4,755e-01
1567609575072 7,500e-05 4,740e-01 4,740e-01
1567609575313 7,500e-05 4,733e-01 4,733e-01
1567609575711 7,500e-05 4,710e-01 4,710e-01
1567609575952 7,500e-05 4,695e-01 4,695e-01
1567609576073 7,500e-05 4,688e-01 4,688e-01
1567609576314 7,500e-05 4,673e-01 4,673e-01
1567609576565 7,500e-05 4,658e-01 4,658e-01
1567609576940 7,500e-05 4,643e-01 4,643e-01
1567609577149 7,500e-05 4,628e-01 4,628e-01
1567609577270 7,500e-05 4,620e-01 4,620e-01
1567609577512 7,500e-05 4,605e-01 4,605e-01
1567609578127 7,500e-05 4,575e-01 4,575e-01
1567609578368 7,500e-05 4,568e-01 4,568e-01
1567609578525 7,500e-05 4,553e-01 4,553e-01
1567609578765 7,500e-05 4,545e-01 4,545e-01
1567609578886 7,500e-05 4,538e-01 4,538e-01
1567609579127 7,500e-05 4,530e-01 4,530e-01
1567609579369 7,500e-05 4,515e-01 4,515e-01
1567609579495 7,500e-05 4,508e-01 4,508e-01
1567609579880 7,500e-05 4,485e-01 4,485e-01
1567609580362 7,500e-05 4,463e-01 4,463e-01
1567609580483 7,500e-05 4,455e-01 4,455e-01
1567609580966 7,500e-05 4,433e-01 4,433e-01
1567609581087 7,500e-05 4,418e-01 4,418e-01
1567609581335 7,500e-05 4,410e-01 4,410e-01
1567609581461 7,500e-05 4,403e-01 4,403e-01
1567609581702 7,500e-05 4,388e-01 4,388e-01
1567609581948 7,500e-05 4,380e-01 4,380e-01
1567609582069 7,500e-05 4,373e-01 4,373e-01
1567609582332 7,500e-05 4,358e-01 4,358e-01
1567609582453 7,500e-05 4,343e-01 4,343e-01
1567609583054 7,500e-05 4,320e-01 4,320e-01
1567609583295 7,500e-05 4,313e-01 4,313e-01
1567609583904 7,500e-05 4,275e-01 4,275e-01
1567609584145 7,500e-05 4,268e-01 4,268e-01
1567609584269 7,500e-05 4,260e-01 4,260e-01
1567609584510 7,500e-05 4,252e-01 4,252e-01
1567609584754 7,500e-05 4,238e-01 4,238e-01
1567609585115 7,500e-05 4,215e-01 4,215e-01
1567609585357 7,500e-05 4,208e-01 4,208e-01
1567609585964 7,500e-05 4,178e-01 4,178e-01
1567609586085 7,500e-05 4,163e-01 4,163e-01
1567609586326 7,500e-05 4,155e-01 4,155e-01
1567609586574 7,500e-05 4,148e-01 4,148e-01
1567609586696 7,500e-05 4,140e-01 4,140e-01
1567609586944 7,500e-05 4,125e-01 4,125e-01
1567609587066 7,500e-05 4,118e-01 4,118e-01
1567609587307 7,500e-05 4,110e-01 4,110e-01
1567609587556 7,500e-05 4,095e-01 4,095e-01
1567609587677 7,500e-05 4,088e-01 4,088e-01
1567609587918 7,500e-05 4,080e-01 4,080e-01
1567609588159 7,500e-05 4,073e-01 4,073e-01
1567609588280 7,500e-05 4,058e-01 4,058e-01
1567609588521 7,500e-05 4,050e-01 4,050e-01
1567609588764 7,500e-05 4,035e-01 4,035e-01
1567609588885 7,500e-05 4,028e-01 4,028e-01
1567609589126 7,500e-05 4,020e-01 4,020e-01
1567609589367 7,500e-05 4,012e-01 4,012e-01
1567609589488 7,500e-05 4,005e-01 4,005e-01
1567609589734 7,500e-05 3,990e-01 3,990e-01
1567609589856 7,500e-05 3,983e-01 3,983e-01
1567609590102 7,500e-05 3,975e-01 3,975e-01
1567609590344 7,500e-05 3,960e-01 3,960e-01
1567609590705 7,500e-05 3,945e-01 3,945e-01
1567609590947 7,500e-05 3,938e-01 3,938e-01
1567609591068 7,500e-05 3,923e-01 3,923e-01
1567609591309 7,500e-05 3,915e-01 3,915e-01
1567609591555 7,500e-05 3,908e-01 3,908e-01
1567609591676 7,500e-05 3,900e-01 3,900e-01
1567609591917 7,500e-05 3,885e-01 3,885e-01
1567609592159 7,500e-05 3,878e-01 3,878e-01
1567609592280 7,500e-05 3,863e-01 3,863e-01
1567609592762 7,500e-05 3,855e-01 3,855e-01
1567609592883 7,500e-05 3,840e-01 3,840e-01
1567609593364 7,500e-05 3,825e-01 3,825e-01
1567609593485 7,500e-05 3,803e-01 3,803e-01
1567609593855 7,500e-05 3,795e-01 3,795e-01
1567609594096 7,500e-05 3,780e-01 3,780e-01
1567609594458 7,500e-05 3,765e-01 3,765e-01
1567609594705 7,500e-05 3,750e-01 3,750e-01
1567609595067 7,500e-05 3,735e-01 3,735e-01
1567609595557 7,500e-05 3,720e-01 3,720e-01
1567609595918 7,500e-05 3,705e-01 3,705e-01
1567609596166 7,500e-05 3,690e-01 3,690e-01
1567609596535 7,500e-05 3,675e-01 3,675e-01
1567609596655 7,500e-05 3,667e-01 3,667e-01
1567609596896 7,500e-05 3,660e-01 3,660e-01
1567609597258 7,500e-05 3,638e-01 3,638e-01
1567609597510 7,500e-05 3,630e-01 3,630e-01
1567609597755 7,500e-05 3,623e-01 3,623e-01
1567609598116 7,500e-05 3,608e-01 3,608e-01
1567609598357 7,500e-05 3,593e-01 3,593e-01
1567609598965 7,500e-05 3,570e-01 3,570e-01
1567609599086 7,500e-05 3,555e-01 3,555e-01
1567609599328 7,500e-05 3,548e-01 3,548e-01
1567609599575 7,500e-05 3,540e-01 3,540e-01
1567609599696 7,500e-05 3,533e-01 3,533e-01
1567609600057 7,500e-05 3,518e-01 3,518e-01
1567609600298 7,500e-05 3,503e-01 3,503e-01
1567609600545 7,500e-05 3,495e-01 3,495e-01
1567609600905 7,500e-05 3,480e-01 3,480e-01
1567609601146 7,500e-05 3,473e-01 3,473e-01
1567609601267 7,500e-05 3,465e-01 3,465e-01
1567609601508 7,500e-05 3,458e-01 3,458e-01
1567609601755 7,500e-05 3,435e-01 3,435e-01
1567609601876 7,500e-05 3,428e-01 3,428e-01
1567609602358 7,500e-05 3,420e-01 3,420e-01
1567609602479 7,500e-05 3,405e-01 3,405e-01
1567609602725 7,500e-05 3,398e-01 3,398e-01
1567609602966 7,500e-05 3,390e-01 3,390e-01
1567609603087 7,500e-05 3,383e-01 3,383e-01
1567609603328 7,500e-05 3,368e-01 3,368e-01
1567609603695 7,500e-05 3,353e-01 3,353e-01
1567609603937 7,500e-05 3,345e-01 3,345e-01
1567609604058 7,500e-05 3,338e-01 3,338e-01
1567609604299 7,500e-05 3,330e-01 3,330e-01
1567609604544 7,500e-05 3,315e-01 3,315e-01
1567609604904 7,500e-05 3,300e-01 3,300e-01
1567609605145 7,500e-05 3,293e-01 3,293e-01
1567609605267 7,500e-05 3,278e-01 3,278e-01
1567609605508 7,500e-05 3,270e-01 3,270e-01
1567609605754 7,500e-05 3,263e-01 3,263e-01
1567609606115 7,500e-05 3,240e-01 3,240e-01
1567609606357 7,500e-05 3,225e-01 3,225e-01
1567609606478 7,500e-05 3,218e-01 3,218e-01
1567609606964 7,500e-05 3,195e-01 3,195e-01
1567609607085 7,500e-05 3,188e-01 3,188e-01
1567609607326 7,500e-05 3,173e-01 3,173e-01
1567609607574 7,500e-05 3,165e-01 3,165e-01
1567609607695 7,500e-05 3,158e-01 3,158e-01
1567609607936 7,500e-05 3,143e-01 3,143e-01
1567609608057 7,500e-05 3,135e-01 3,135e-01
1567609608299 7,500e-05 3,128e-01 3,128e-01
1567609608546 7,500e-05 3,113e-01 3,113e-01
1567609608668 7,500e-05 3,105e-01 3,105e-01
1567609608911 7,500e-05 3,090e-01 3,090e-01
1567609609152 7,500e-05 3,083e-01 3,083e-01
1567609609514 7,500e-05 3,060e-01 3,060e-01
1567609609757 7,500e-05 3,045e-01 3,045e-01
1567609610118 7,500e-05 3,030e-01 3,030e-01
1567609610360 7,500e-05 3,008e-01 3,008e-01
1567609610965 7,500e-05 2,985e-01 2,985e-01
1567609611086 7,500e-05 2,978e-01 2,978e-01
1567609611327 7,500e-05 2,970e-01 2,970e-01
1567609611575 7,500e-05 2,963e-01 2,963e-01
1567609611696 7,500e-05 2,955e-01 2,955e-01
1567609612057 7,500e-05 2,940e-01 2,940e-01
1567609612298 7,500e-05 2,933e-01 2,933e-01
1567609612905 7,500e-05 2,910e-01 2,910e-01
1567609613146 7,500e-05 2,903e-01 2,903e-01
1567609613267 7,500e-05 2,895e-01 2,895e-01
1567609613508 7,500e-05 2,888e-01 2,888e-01
1567609613755 7,500e-05 2,880e-01 2,880e-01
1567609614116 7,500e-05 2,865e-01 2,865e-01
1567609614358 7,500e-05 2,858e-01 2,858e-01
1567609614725 7,500e-05 2,835e-01 2,835e-01
1567609614966 7,500e-05 2,828e-01 2,828e-01
1567609615087 7,500e-05 2,820e-01 2,820e-01
1567609615328 7,500e-05 2,813e-01 2,813e-01
1567609615575 7,500e-05 2,805e-01 2,805e-01
1567609615696 7,500e-05 2,798e-01 2,798e-01
1567609615937 7,500e-05 2,790e-01 2,790e-01
1567609616058 7,500e-05 2,775e-01 2,775e-01
1567609616299 7,500e-05 2,768e-01 2,768e-01
1567609616665 7,500e-05 2,745e-01 2,745e-01
1567609616907 7,500e-05 2,738e-01 2,738e-01
1567609617148 7,500e-05 2,723e-01 2,723e-01
1567609617270 7,500e-05 2,715e-01 2,715e-01
1567609617520 7,500e-05 2,700e-01 2,700e-01
1567609617765 7,500e-05 2,685e-01 2,685e-01
1567609617886 7,500e-05 2,678e-01 2,678e-01
1567609618127 7,500e-05 2,663e-01 2,663e-01
1567609618391 7,500e-05 2,655e-01 2,655e-01
1567609618512 7,500e-05 2,640e-01 2,640e-01
1567609618777 7,500e-05 2,625e-01 2,625e-01
1567609618898 7,500e-05 2,610e-01 2,610e-01
1567609619140 7,500e-05 2,595e-01 2,595e-01
1567609619273 7,500e-05 2,580e-01 2,580e-01
1567609619516 7,500e-05 2,573e-01 2,573e-01
1567609619765 7,500e-05 2,558e-01 2,558e-01
1567609619886 7,500e-05 2,543e-01 2,543e-01
1567609620255 7,500e-05 2,505e-01 2,505e-01
1567609620496 7,500e-05 2,490e-01 2,490e-01
1567609620745 7,500e-05 2,475e-01 2,475e-01
1567609620866 7,500e-05 2,460e-01 2,460e-01
1567609621117 7,500e-05 2,445e-01 2,445e-01
1567609621358 7,500e-05 2,430e-01 2,430e-01
1567609621479 7,500e-05 2,408e-01 2,408e-01
1567609621725 7,500e-05 2,393e-01 2,393e-01
1567609621851 7,500e-05 2,370e-01 2,370e-01
1567609622096 7,500e-05 2,355e-01 2,355e-01
1567609622457 7,500e-05 2,318e-01 2,318e-01
1567609622708 7,500e-05 2,302e-01 2,302e-01
1567609622950 7,500e-05 2,280e-01 2,280e-01
1567609623326 7,500e-05 2,243e-01 2,243e-01
1567609623583 7,500e-05 2,220e-01 2,220e-01
1567609623704 7,500e-05 2,190e-01 2,190e-01
1567609623871 7,500e-05 2,175e-01 2,175e-01
1567609624112 7,500e-05 2,153e-01 2,153e-01
1567609624360 7,500e-05 2,130e-01 2,130e-01
1567609624481 7,500e-05 2,108e-01 2,108e-01
1567609624743 7,500e-05 2,085e-01 2,085e-01
1567609624865 7,500e-05 2,063e-01 2,063e-01
1567609625106 7,500e-05 2,040e-01 2,040e-01
1567609625347 7,500e-05 2,010e-01 2,010e-01
1567609625470 7,500e-05 1,987e-01 1,987e-01
1567609625715 7,500e-05 1,965e-01 1,965e-01
1567609625956 7,500e-05 1,943e-01 1,943e-01
1567609626601 7,500e-05 1,860e-01 1,860e-01
1567609626723 7,500e-05 1,838e-01 1,838e-01
1567609626964 7,500e-05 1,808e-01 1,808e-01
1567609627085 7,500e-05 1,778e-01 1,778e-01
1567609627334 7,500e-05 1,748e-01 1,748e-01
1567609627455 7,500e-05 1,718e-01 1,718e-01
1567609627728 7,500e-05 1,688e-01 1,688e-01
1567609627984 7,500e-05 1,658e-01 1,658e-01
1567609628105 7,500e-05 1,628e-01 1,628e-01
1567609628383 7,500e-05 1,598e-01 1,598e-01
1567609628504 7,500e-05 1,568e-01 1,568e-01
1567609628815 7,500e-05 1,538e-01 1,538e-01
1567609628936 7,500e-05 1,508e-01 1,508e-01
1567609629058 7,500e-05 1,478e-01 1,478e-01
1567609629312 7,500e-05 1,455e-01 1,455e-01
1567609629758 7,500e-05 1,418e-01 1,418e-01
1567609629879 7,500e-05 1,388e-01 1,388e-01
1567609630132 7,500e-05 1,365e-01 1,365e-01
1567609630253 7,500e-05 1,343e-01 1,343e-01
1567609630494 7,500e-05 1,320e-01 1,320e-01
1567609630735 7,500e-05 1,298e-01 1,298e-01
1567609630858 7,500e-05 1,268e-01 1,268e-01
1567609631129 7,500e-05 1,245e-01 1,245e-01
1567609631250 7,500e-05 1,215e-01 1,215e-01
1567609631524 7,500e-05 1,193e-01 1,193e-01
1567609631765 7,500e-05 1,163e-01 1,163e-01
1567609631899 7,500e-05 1,133e-01 1,133e-01
1567609632140 7,500e-05 1,110e-01 1,110e-01
1567609632504 7,500e-05 1,050e-01 1,050e-01
1567609632725 7,500e-05 1,020e-01 1,020e-01
1567609632966 7,500e-05 9,900e-02 9,900e-02
1567609633089 7,500e-05 9,600e-02 9,600e-02
1567609633452 7,500e-05 9,000e-02 9,000e-02
1567609633697 7,500e-05 8,700e-02 8,700e-02
1567609633946 7,500e-05 8,325e-02 8,325e-02
1567609634068 7,500e-05 8,025e-02 8,025e-02
1567609634325 7,500e-05 7,650e-02 7,650e-02
1567609634575 7,500e-05 7,410e-02 7,410e-02
1567609634709 7,500e-05 7,163e-02 7,163e-02
1567609634964 7,500e-05 6,900e-02 6,900e-02
1567609635085 7,500e-05 6,645e-02 6,645e-02
1567609635327 7,500e-05 6,375e-02 6,375e-02
1567609635458 7,500e-05 6,113e-02 6,113e-02
1567609635705 7,500e-05 5,850e-02 5,850e-02
1567609635969 7,500e-05 5,550e-02 5,550e-02
1567609636091 7,500e-05 5,288e-02 5,288e-02
1567609636481 7,500e-05 4,815e-02 4,815e-02
1567609636741 7,500e-05 4,583e-02 4,583e-02
1567609637102 7,500e-05 4,117e-02 4,117e-02
1567609637343 7,500e-05 3,870e-02 3,870e-02
1567609637715 7,500e-05 3,383e-02 3,383e-02
1567609637956 7,500e-05 3,173e-02 3,173e-02
1567609638317 7,500e-05 2,760e-02 2,760e-02
1567609638563 7,500e-05 2,588e-02 2,588e-02
1567609638683 7,500e-05 2,408e-02 2,408e-02
1567609639164 7,500e-05 2,040e-02 2,040e-02
1567609639285 7,500e-05 1,868e-02 1,868e-02
1567609639535 7,500e-05 1,703e-02 1,703e-02
1567609639655 7,500e-05 1,523e-02 1,523e-02
1567609639898 7,500e-05 1,418e-02 1,418e-02
1567609640259 7,500e-05 1,185e-02 1,185e-02
1567609640500 7,500e-05 1,088e-02 1,088e-02
1567609640745 7,500e-05 9,825e-03 9,825e-03
1567609640866 7,500e-05 9,075e-03 9,075e-03
1567609641107 7,500e-05 8,250e-03 8,250e-03
1567609641348 7,500e-05 7,575e-03 7,575e-03
1567609641469 7,500e-05 6,900e-03 6,900e-03
1567609641715 7,500e-05 6,450e-03 6,450e-03
1567609641956 7,500e-05 5,925e-03 5,925e-03
1567609642317 7,500e-05 5,100e-03 5,100e-03
1567609642565 7,500e-05 4,800e-03 4,800e-03
1567609642686 7,500e-05 4,575e-03 4,575e-03
1567609642928 7,500e-05 4,275e-03 4,275e-03
1567609643049 7,500e-05 4,050e-03 4,050e-03
1567609643290 7,500e-05 3,825e-03 3,825e-03
1567609643655 7,500e-05 3,450e-03 3,450e-03
1567609643896 7,500e-05 3,225e-03 3,225e-03
1567609644138 7,500e-05 3,075e-03 3,075e-03
1567609644259 7,500e-05 3,000e-03 3,000e-03
1567609644500 7,500e-05 2,925e-03 2,925e-03
1567609644746 7,500e-05 2,775e-03 2,775e-03
1567609644869 7,500e-05 2,625e-03 2,625e-03
1567609645118 7,500e-05 2,550e-03 2,550e-03
1567609645359 7,500e-05 2,475e-03 2,475e-03
1567609645481 7,500e-05 2,400e-03 2,400e-03
1567609645726 7,500e-05 2,325e-03 2,325e-03
1567609645967 7,500e-05 2,250e-03 2,250e-03
1567609646088 7,500e-05 2,175e-03 2,175e-03
1567609646329 7,500e-05 2,100e-03 2,100e-03
1567609646697 7,500e-05 1,950e-03 1,950e-03
1567609647059 7,500e-05 1,875e-03 1,875e-03
1567609647301 7,500e-05 1,800e-03 1,800e-03
1567609647546 7,500e-05 1,875e-03 1,875e-03
1567609647666 7,500e-05 1,800e-03 1,800e-03
1567609647920 7,500e-05 1,725e-03 1,725e-03
1567609648162 7,500e-05 1,650e-03 1,650e-03
1567609648283 7,500e-05 1,575e-03 1,575e-03
1567609648902 7,500e-05 1,650e-03 1,650e-03
1567609649143 7,500e-05 1,500e-03 1,500e-03
1567609649866 7,500e-05 1,425e-03 1,425e-03
1567609650347 7,500e-05 1,350e-03 1,350e-03
1567609650716 7,500e-05 1,275e-03 1,275e-03
1567609650957 7,500e-05 1,350e-03 1,350e-03
1567609651319 7,500e-05 1,200e-03 1,200e-03
1567609651686 7,500e-05 1,275e-03 1,275e-03
1567609651927 7,500e-05 1,200e-03 1,200e-03
1567609652168 7,500e-05 1,125e-03 1,125e-03
1567609652529 7,500e-05 1,200e-03 1,200e-03
1567609652653 7,500e-05 1,125e-03 1,125e-03
1567609652894 7,500e-05 1,200e-03 1,200e-03
1567609653257 7,500e-05 1,125e-03 1,125e-03
1567609653745 7,500e-05 1,050e-03 1,050e-03
1567609653866 7,500e-05 9,750e-04 9,750e-04
1567609654107 7,500e-05 1,050e-03 1,050e-03
1567609654348 7,500e-05 1,350e-03 1,350e-03
1567609654469 7,500e-05 1,275e-03 1,275e-03
1567609656927 7,500e-05 1,200e-03 1,200e-03
1567609659125 7,500e-05 1,125e-03 1,125e-03
1567609660692 7,500e-05 1,050e-03 1,050e-03
1567609662147 7,500e-05 9,750e-04 9,750e-04
1567609663469 7,500e-05 9,000e-04 9,000e-04
1567609664910 7,500e-05 8,250e-04 8,250e-04
1567609666111 7,500e-05 7,500e-04 7,500e-04
1567609666712 7,500e-05 7,425e-04 7,425e-04
1567609666953 7,500e-05 7,350e-04 7,350e-04
1567609667315 7,500e-05 7,275e-04 7,275e-04
1567609667556 7,500e-05 7,200e-04 7,200e-04
1567609667917 7,500e-05 7,050e-04 7,050e-04
1567609668049 7,500e-05 6,975e-04 6,975e-04
1567609668656 7,500e-05 6,825e-04 6,825e-04
1567609668899 7,500e-05 6,750e-04 6,750e-04
1567609669267 7,500e-05 6,675e-04 6,675e-04
1567609669509 7,500e-05 6,600e-04 6,600e-04
1567609669750 7,500e-05 6,525e-04 6,525e-04
1567609670113 7,500e-05 6,375e-04 6,375e-04
1567609670475 7,500e-05 6,300e-04 6,300e-04
1567609670717 7,500e-05 6,225e-04 6,225e-04
1567609670958 7,500e-05 6,150e-04 6,150e-04
1567609671319 7,500e-05 6,000e-04 6,000e-04
1567609671920 7,500e-05 5,850e-04 5,850e-04
1567609672162 7,500e-05 5,775e-04 5,775e-04
1567609672763 7,500e-05 5,625e-04 5,625e-04
1567609672884 7,500e-05 5,550e-04 5,550e-04
1567609673125 7,500e-05 5,475e-04 5,475e-04
1567609673366 7,500e-05 5,400e-04 5,400e-04
1567609673727 7,500e-05 5,325e-04 5,325e-04
1567609673968 7,500e-05 5,250e-04 5,250e-04
1567609674329 7,500e-05 5,175e-04 5,175e-04
1567609674696 7,500e-05 5,100e-04 5,100e-04
1567609675057 7,500e-05 5,025e-04 5,025e-04
1567609675538 7,500e-05 4,950e-04 4,950e-04
1567609675899 7,500e-05 4,875e-04 4,875e-04
1567609676501 7,500e-05 4,800e-04 4,800e-04
1567609676868 7,500e-05 4,725e-04 4,725e-04
1567609677502 7,500e-05 4,650e-04 4,650e-04
1567609677655 7,500e-05 4,575e-04 4,575e-04
1567609678256 7,500e-05 4,500e-04 4,500e-04
1567609678739 7,500e-05 4,425e-04 4,425e-04
1567609679100 7,500e-05 4,350e-04 4,350e-04
1567609679726 7,500e-05 4,275e-04 4,275e-04
1567609680087 7,500e-05 4,200e-04 4,200e-04
1567609680584 7,500e-05 4,125e-04 4,125e-04
1567609680967 7,500e-05 4,050e-04 4,050e-04
1567609681347 7,500e-05 3,975e-04 3,975e-04
1567609681716 7,500e-05 3,900e-04 3,900e-04
1567609682317 7,500e-05 3,825e-04 3,825e-04
1567609682686 7,500e-05 3,750e-04 3,750e-04
1567609683067 7,500e-05 3,675e-04 3,675e-04
1567609683456 7,500e-05 3,600e-04 3,600e-04
1567609684109 7,500e-05 3,525e-04 3,525e-04
1567609684470 7,500e-05 3,450e-04 3,450e-04
1567609684755 7,500e-05 3,375e-04 3,375e-04
1567609685116 7,500e-05 3,300e-04 3,300e-04
1567609685357 7,500e-05 3,225e-04 3,225e-04
1567609685726 7,500e-05 3,150e-04 3,150e-04
1567609686087 7,500e-05 3,075e-04 3,075e-04
1567609686328 7,500e-05 3,000e-04 3,000e-04
1567609686696 7,500e-05 2,925e-04 2,925e-04
1567609687549 7,500e-05 2,850e-04 2,850e-04
1567609688157 7,500e-05 2,775e-04 2,775e-04
1567609688766 7,500e-05 2,700e-04 2,700e-04
1567609689487 7,500e-05 2,625e-04 2,625e-04
1567609690110 7,500e-05 2,550e-04 2,550e-04
1567609690716 7,500e-05 2,475e-04 2,475e-04
1567609691317 7,500e-05 2,400e-04 2,400e-04
1567609692166 7,500e-05 2,325e-04 2,325e-04
1567609692767 7,500e-05 2,250e-04 2,250e-04
1567609693249 7,500e-05 2,175e-04 2,175e-04
1567609694096 7,500e-05 2,100e-04 2,100e-04
1567609694706 7,500e-05 2,025e-04 2,025e-04
time  column1,torr column2,torr vessel torr  
1567609698910 7,500e-05 1,575e-04 0,000e+00
1567609699527 7,500e-05 1,500e-04 0,000e+00
1567609700860 7,500e-05 1,425e-04 0,000e+00
1567609702666 7,500e-05 1,350e-04 0,000e+00
1567609704712 7,500e-05 1,275e-04 0,000e+00
1567609706766 7,500e-05 1,200e-04 0,000e+00
1567609708947 7,500e-05 1,125e-04 0,000e+00
1567609711089 7,500e-05 1,050e-04 0,000e+00
1567609713146 7,500e-05 9,750e-05 0,000e+00
1567609715567 7,500e-05 9,000e-05 0,000e+00
1567609717489 7,500e-05 8,250e-05 0,000e+00
1567609719947 7,500e-05 7,500e-05 0,000e+00
1567609721279 7,500e-05 7,425e-05 0,000e+00
1567609721888 7,500e-05 7,350e-05 0,000e+00
1567609722489 7,500e-05 7,275e-05 0,000e+00
1567609723093 7,500e-05 7,200e-05 0,000e+00
1567609723454 7,500e-05 7,125e-05 0,000e+00
1567609724095 7,500e-05 7,050e-05 0,000e+00
1567609724707 7,500e-05 6,975e-05 0,000e+00
1567609725309 7,500e-05 6,900e-05 0,000e+00
1567609725911 7,500e-05 6,825e-05 0,000e+00
1567609726512 7,500e-05 6,750e-05 0,000e+00
1567609727136 7,500e-05 6,675e-05 0,000e+00
1567609727737 7,500e-05 6,600e-05 0,000e+00
1567609728099 7,500e-05 6,525e-05 0,000e+00
1567609728940 7,500e-05 6,450e-05 0,000e+00
1567609729303 7,500e-05 6,375e-05 0,000e+00
1567609729906 7,500e-05 6,300e-05 0,000e+00
1567609730507 7,500e-05 6,225e-05 0,000e+00
1567609731108 7,500e-05 6,150e-05 0,000e+00
1567609731734 7,500e-05 6,075e-05 0,000e+00
1567609732454 7,500e-05 6,000e-05 0,000e+00
1567609733058 7,500e-05 5,925e-05 0,000e+00
1567609733718 7,500e-05 5,850e-05 0,000e+00
1567609734569 7,500e-05 5,775e-05 0,000e+00
1567609734930 7,500e-05 5,700e-05 0,000e+00
1567609735934 7,500e-05 5,625e-05 0,000e+00
1567609736295 7,500e-05 5,550e-05 0,000e+00
1567609736897 7,500e-05 5,475e-05 0,000e+00
1567609737499 7,500e-05 5,400e-05 0,000e+00
1567609738258 7,500e-05 5,325e-05 0,000e+00
1567609738867 7,500e-05 5,250e-05 0,000e+00
1567609739951 7,500e-05 5,175e-05 0,000e+00
1567609741157 7,500e-05 5,100e-05 0,000e+00
1567609742487 7,500e-05 5,025e-05 0,000e+00
1567609743956 7,500e-05 4,950e-05 0,000e+00
1567609745107 7,500e-05 4,875e-05 0,000e+00
1567609746566 7,500e-05 4,800e-05 0,000e+00
1567609748250 7,500e-05 4,725e-05 0,000e+00
1567609749456 7,500e-05 4,650e-05 0,000e+00
1567609750666 7,500e-05 4,575e-05 0,000e+00
1567609752366 7,500e-05 4,500e-05 0,000e+00
1567609753687 7,500e-05 4,425e-05 0,000e+00
1567609755251 7,500e-05 4,350e-05 0,000e+00
1567609756998 7,500e-05 4,275e-05 0,000e+00
1567609758087 7,500e-05 4,200e-05 0,000e+00
1567609759659 7,500e-05 4,125e-05 0,000e+00
1567609761100 7,500e-05 4,050e-05 0,000e+00
1567609762307 7,500e-05 3,975e-05 0,000e+00
1567609763757 7,500e-05 3,900e-05 0,000e+00
1567609765147 7,500e-05 3,825e-05 0,000e+00
1567609766727 7,500e-05 3,750e-05 0,000e+00
1567609768295 7,500e-05 3,675e-05 0,000e+00
1567609769868 7,500e-05 3,600e-05 0,000e+00
1567609771678 7,500e-05 3,525e-05 0,000e+00
1567609773858 7,500e-05 3,450e-05 0,000e+00
1567609775907 7,500e-05 3,375e-05 0,000e+00
1567609778087 7,500e-05 3,300e-05 0,000e+00
1567609780487 7,500e-05 3,225e-05 0,000e+00
1567609783149 7,500e-05 3,150e-05 0,000e+00
1567609785950 7,500e-05 3,075e-05 0,000e+00
1567609788729 7,500e-05 3,000e-05 0,000e+00
1567609793958 7,500e-05 2,925e-05 0,000e+00
1567609800918 7,500e-05 2,850e-05 0,000e+00
1567609808668 7,500e-05 2,775e-05 0,000e+00
1567609816519 7,500e-05 2,700e-05 0,000e+00
1567609825050 7,500e-05 2,625e-05 0,000e+00
1567609834098 7,500e-05 2,550e-05 0,000e+00
1567609843049 7,500e-05 2,475e-05 0,000e+00
1567609852748 7,500e-05 2,400e-05 0,000e+00
1567609862709 7,500e-05 2,325e-05 0,000e+00
1567609873525 7,500e-05 2,250e-05 0,000e+00
1567609884759 7,500e-05 2,175e-05 0,000e+00
1567609896669 7,500e-05 2,100e-05 0,000e+00
1567609909139 7,500e-05 2,025e-05 0,000e+00
1567609922352 7,500e-05 1,950e-05 0,000e+00
1567609935510 7,500e-05 1,875e-05 0,000e+00
1567609950160 7,500e-05 1,800e-05 0,000e+00
1567609965363 7,500e-05 1,725e-05 0,000e+00
1567609981271 7,500e-05 1,650e-05 0,000e+00
1567609998560 7,500e-05 1,575e-05 0,000e+00
1567610016448 7,500e-05 1,500e-05 0,000e+00
1567610040346 7,500e-05 1,425e-05 0,000e+00
1567610071284 7,500e-05 1,350e-05 0,000e+00
1567610104936 7,500e-05 1,275e-05 0,000e+00
1567610115097 7,500e-05 1,200e-05 0,000e+00
1567610115895 7,500e-05 1,125e-05 0,000e+00
1567610117277 7,500e-05 1,050e-05 0,000e+00
1567610119947 7,500e-05 9,750e-06 0,000e+00
1567610120309 7,500e-05 1,050e-05 0,000e+00
1567610120564 7,500e-05 1,350e-05 0,000e+00
1567610120684 7,500e-05 1,500e-05 0,000e+00
1567610121045 7,500e-05 1,425e-05 0,000e+00
1567610121286 7,500e-05 1,350e-05 0,000e+00
1567610124927 7,500e-05 1,275e-05 0,000e+00
1567610146448 7,500e-05 1,200e-05 0,000e+00
1567610184503 7,500e-05 1,125e-05 0,000e+00
1567610229755 7,500e-05 1,050e-05 0,000e+00
1567610280740 7,500e-05 9,750e-06 0,000e+00
1567610335468 7,500e-05 9,000e-06 0,000e+00
1567610398546 7,500e-05 8,250e-06 0,000e+00
1567610473497 7,500e-05 7,500e-06 0,000e+00
1567610520499 7,500e-05 7,425e-06 0,000e+00
1567610533251 7,500e-05 7,350e-06 0,000e+00
1567610546439 7,500e-05 7,275e-06 0,000e+00
1567610559238 7,500e-05 7,200e-06 0,000e+00
1567610573079 7,500e-05 7,125e-06 0,000e+00
1567610585090 7,500e-05 7,050e-06 0,000e+00
1567610599310 7,500e-05 6,975e-06 0,000e+00
1567610613724 7,500e-05 6,900e-06 0,000e+00
1567610614151 7,500e-05 6,975e-06 0,000e+00
1567610614271 7,500e-05 6,900e-06 0,000e+00
1567610628899 7,500e-05 6,825e-06 0,000e+00
1567610644515 7,500e-05 6,750e-06 0,000e+00
1567610657353 7,500e-05 6,675e-06 0,000e+00
1567610657473 7,500e-05 6,750e-06 0,000e+00
1567610657787 7,500e-05 6,675e-06 0,000e+00
1567610673950 7,500e-05 6,600e-06 0,000e+00
1567610689692 7,500e-05 6,525e-06 0,000e+00
1567610706843 7,500e-05 6,450e-06 0,000e+00
1567610723464 7,500e-05 6,375e-06 0,000e+00
1567610738944 7,500e-05 6,300e-06 0,000e+00
1567610757288 7,500e-05 6,225e-06 0,000e+00
1567610774918 7,500e-05 6,150e-06 0,000e+00
1567610793674 7,500e-05 6,075e-06 0,000e+00
1567610812698 7,500e-05 6,000e-06 0,000e+00
1567610812938 7,500e-05 6,075e-06 0,000e+00
1567610813059 7,500e-05 6,000e-06 0,000e+00
1567610832632 7,500e-05 5,925e-06 0,000e+00
1567610851494 7,500e-05 5,850e-06 0,000e+00
1567610864635 7,500e-05 1,875e-05 0,000e+00
1567610864875 7,500e-05 4,725e-05 0,000e+00
1567610865235 7,500e-05 9,750e-05 0,000e+00
1567610865475 7,500e-05 1,050e-04 0,000e+00
1567610866133 7,500e-05 9,750e-05 0,000e+00
1567610866493 7,500e-05 9,000e-05 0,000e+00
1567610866733 7,500e-05 8,250e-05 0,000e+00
1567610867093 7,500e-05 7,500e-05 0,000e+00
1567610867333 7,500e-05 7,275e-05 0,000e+00
1567610867693 7,500e-05 6,825e-05 0,000e+00
1567610867934 7,500e-05 6,600e-05 0,000e+00
1567610868294 7,500e-05 6,150e-05 0,000e+00
1567610868894 7,500e-05 5,400e-05 0,000e+00
1567610869494 7,500e-05 4,950e-05 0,000e+00
1567610870098 7,500e-05 4,575e-05 0,000e+00
1567610870338 7,500e-05 4,500e-05 0,000e+00
1567610870458 7,500e-05 4,350e-05 0,000e+00
1567610870698 7,500e-05 4,200e-05 0,000e+00
1567610870938 7,500e-05 4,125e-05 0,000e+00
1567610871058 7,500e-05 3,975e-05 0,000e+00
1567610871299 7,500e-05 3,900e-05 0,000e+00
1567610871539 7,500e-05 3,750e-05 0,000e+00
1567610871660 7,500e-05 3,600e-05 0,000e+00
1567610871900 7,500e-05 3,525e-05 0,000e+00
1567610872140 7,500e-05 3,375e-05 0,000e+00
1567610872260 7,500e-05 3,225e-05 0,000e+00
1567610872500 7,500e-05 3,150e-05 0,000e+00
1567610872740 7,500e-05 3,000e-05 0,000e+00
1567610873102 7,500e-05 2,925e-05 0,000e+00
1567610873342 7,500e-05 2,850e-05 0,000e+00
1567610873714 7,500e-05 2,775e-05 0,000e+00
1567610873834 7,500e-05 2,700e-05 0,000e+00
1567610874434 7,500e-05 2,550e-05 0,000e+00
1567610875034 7,500e-05 2,475e-05 0,000e+00
1567610875274 7,500e-05 2,400e-05 0,000e+00
1567610875634 7,500e-05 2,325e-05 0,000e+00
1567610875875 7,500e-05 2,250e-05 0,000e+00
1567610876235 7,500e-05 2,175e-05 0,000e+00
1567610876835 7,500e-05 2,100e-05 0,000e+00
1567610877075 7,500e-05 2,025e-05 0,000e+00
1567610877435 7,500e-05 1,950e-05 0,000e+00
1567610878046 7,500e-05 1,875e-05 0,000e+00
1567610878287 7,500e-05 1,800e-05 0,000e+00
1567610878648 7,500e-05 1,725e-05 0,000e+00
1567610879248 7,500e-05 1,650e-05 0,000e+00
1567610879730 7,500e-05 1,575e-05 0,000e+00
1567610880330 7,500e-05 1,500e-05 0,000e+00
1567610880933 7,500e-05 1,425e-05 0,000e+00
1567610881893 7,500e-05 1,350e-05 0,000e+00
1567610883100 7,500e-05 1,275e-05 0,000e+00
1567610884301 7,500e-05 1,200e-05 0,000e+00
1567610885261 7,500e-05 1,125e-05 0,000e+00
1567610886942 7,500e-05 1,050e-05 0,000e+00
1567610888743 7,500e-05 9,750e-06 0,000e+00
1567610890663 7,500e-05 9,000e-06 0,000e+00
1567610893691 7,500e-05 8,250e-06 0,000e+00
1567610896834 7,500e-05 7,500e-06 0,000e+00
1567610899122 7,500e-05 7,425e-06 0,000e+00
1567610899723 7,500e-05 7,350e-06 0,000e+00
1567610900683 7,500e-05 7,275e-06 0,000e+00
1567610901286 7,500e-05 7,200e-06 0,000e+00
1567610902126 7,500e-05 7,125e-06 0,000e+00
1567610902729 7,500e-05 7,050e-06 0,000e+00
1567610903449 7,500e-05 6,975e-06 0,000e+00
1567610904529 7,500e-05 6,900e-06 0,000e+00
1567610905489 7,500e-05 6,825e-06 0,000e+00
1567610906449 7,500e-05 6,750e-06 0,000e+00
1567610907529 7,500e-05 6,675e-06 0,000e+00
1567610908729 7,500e-05 6,600e-06 0,000e+00
1567610909929 7,500e-05 6,525e-06 0,000e+00
1567610911249 7,500e-05 6,450e-06 0,000e+00
1567610912929 7,500e-05 6,375e-06 0,000e+00
1567610914257 7,500e-05 6,300e-06 0,000e+00
1567610916540 7,500e-05 6,225e-06 0,000e+00
1567610918461 7,500e-05 6,150e-06 0,000e+00
1567610921506 7,500e-05 6,075e-06 0,000e+00
1567610925107 7,500e-05 6,000e-06 0,000e+00
1567610944680 7,500e-05 6,075e-06 0,000e+00
1567610948684 7,500e-05 6,150e-06 0,000e+00
1567610950845 7,500e-05 6,225e-06 0,000e+00
1567610953246 7,500e-05 6,300e-06 0,000e+00
1567610955895 7,500e-05 6,375e-06 0,000e+00
1567610958295 7,500e-05 6,450e-06 0,000e+00
1567610961295 7,500e-05 6,525e-06 0,000e+00
1567610965497 7,500e-05 6,600e-06 0,000e+00
1567610971140 7,500e-05 6,675e-06 0,000e+00
1567610974678 7,500e-05 6,750e-06 0,000e+00
1567610978639 7,500e-05 6,825e-06 0,000e+00
1567610982240 7,500e-05 6,900e-06 0,000e+00
1567610984520 7,500e-05 6,975e-06 0,000e+00
1567610986321 7,500e-05 7,050e-06 0,000e+00
1567610987882 7,500e-05 7,125e-06 0,000e+00
1567610989084 7,500e-05 7,200e-06 0,000e+00
1567610990885 7,500e-05 7,275e-06 0,000e+00
1567610993285 7,500e-05 7,350e-06 0,000e+00
1567611006537 7,500e-05 7,425e-06 0,000e+00
1567611010498 7,500e-05 7,500e-06 0,000e+00
1567611018898 7,500e-05 8,250e-06 0,000e+00
1567611070847 7,500e-05 7,500e-06 0,000e+00
1567611102478 7,500e-05 7,425e-06 0,000e+00
1567611114346 7,500e-05 7,350e-06 0,000e+00
1567611129305 7,500e-05 7,275e-06 0,000e+00
1567611147708 7,500e-05 7,200e-06 0,000e+00
1567611147847 7,500e-05 7,275e-06 0,000e+00
1567611149230 7,500e-05 7,200e-06 0,000e+00
1567611149470 7,500e-05 7,275e-06 0,000e+00
1567611149830 7,500e-05 7,200e-06 0,000e+00
1567611206658 7,500e-05 7,275e-06 0,000e+00
1567611208867 7,500e-05 7,200e-06 0,000e+00
1567611209227 7,500e-05 7,275e-06 0,000e+00
1567611269134 7,500e-05 7,200e-06 0,000e+00
1567611269254 7,500e-05 7,275e-06 0,000e+00
1567611269500 7,500e-05 7,200e-06 0,000e+00
1567611286124 7,500e-05 7,125e-06 0,000e+00
1567611286244 7,500e-05 7,200e-06 0,000e+00
1567611286484 7,500e-05 7,125e-06 0,000e+00
1567611295082 7,500e-05 7,200e-06 0,000e+00
1567611296323 7,500e-05 7,275e-06 0,000e+00
1567611296683 7,500e-05 7,350e-06 0,000e+00
1567611297290 7,500e-05 7,425e-06 0,000e+00
1567611297651 7,500e-05 7,500e-06 0,000e+00
1567611299331 7,500e-05 8,250e-06 0,000e+00
1567611302451 7,500e-05 9,000e-06 0,000e+00
1567611349428 7,500e-05 8,250e-06 0,000e+00
1567611372042 7,500e-05 9,000e-06 0,000e+00
1567611478291 7,500e-05 8,250e-06 0,000e+00
1567611550496 7,500e-05 7,500e-06 0,000e+00
1567611585271 7,500e-05 7,425e-06 0,000e+00
1567611592337 7,500e-05 7,350e-06 0,000e+00
1567611600539 7,500e-05 7,275e-06 0,000e+00
1567611607452 7,500e-05 7,200e-06 0,000e+00
1567611615073 7,500e-05 7,125e-06 0,000e+00
1567611621723 7,500e-05 7,050e-06 0,000e+00
1567611629933 7,500e-05 6,975e-06 0,000e+00
1567611638839 7,500e-05 6,900e-06 0,000e+00
1567611648271 7,500e-05 6,825e-06 0,000e+00
1567611658473 7,500e-05 6,750e-06 0,000e+00
1567611667221 7,500e-05 6,675e-06 0,000e+00
1567611677225 7,500e-05 6,600e-06 0,000e+00
1567611687912 7,500e-05 6,525e-06 0,000e+00
1567611699083 7,500e-05 6,450e-06 0,000e+00
1567611709221 7,500e-05 6,375e-06 0,000e+00
1567611714056 7,500e-05 6,450e-06 0,000e+00
1567611714656 7,500e-05 6,525e-06 0,000e+00
1567611714896 7,500e-05 6,600e-06 0,000e+00
1567611715256 7,500e-05 6,675e-06 0,000e+00
1567611715496 7,500e-05 6,750e-06 0,000e+00
1567611715737 7,500e-05 6,825e-06 0,000e+00
1567611715857 7,500e-05 6,900e-06 0,000e+00
1567611716097 7,500e-05 6,975e-06 0,000e+00
1567611716337 7,500e-05 7,050e-06 0,000e+00
1567611716457 7,500e-05 7,125e-06 0,000e+00
1567611716698 7,500e-05 7,200e-06 0,000e+00
1567611716818 7,500e-05 7,275e-06 0,000e+00
1567611717058 7,500e-05 7,350e-06 0,000e+00
1567611717298 7,500e-05 7,500e-06 0,000e+00
1567611718018 7,500e-05 8,250e-06 0,000e+00
1567611719218 7,500e-05 9,000e-06 0,000e+00
1567611720419 7,500e-05 9,750e-06 0,000e+00
1567611721915 7,500e-05 1,050e-05 0,000e+00
1567611724076 7,500e-05 9,750e-06 0,000e+00
1567611726477 7,500e-05 9,000e-06 0,000e+00
1567611729244 7,500e-05 8,250e-06 0,000e+00
1567611733686 7,500e-05 7,500e-06 0,000e+00
1567611739849 7,500e-05 7,425e-06 0,000e+00
1567611742730 7,500e-05 7,350e-06 0,000e+00
1567611747024 7,500e-05 7,275e-06 0,000e+00
1567611752770 7,500e-05 7,200e-06 0,000e+00
1567611753143 7,500e-05 7,275e-06 0,000e+00
1567611753263 7,500e-05 7,200e-06 0,000e+00
1567611764667 7,500e-05 7,125e-06 0,000e+00
1567611786882 7,500e-05 7,050e-06 0,000e+00
1567611799623 7,500e-05 6,975e-06 0,000e+00
1567611810250 7,500e-05 6,900e-06 0,000e+00
1567611825262 7,500e-05 6,825e-06 0,000e+00
1567611840263 7,500e-05 6,750e-06 0,000e+00
1567611851216 7,500e-05 6,675e-06 0,000e+00
1567611863269 7,500e-05 6,600e-06 0,000e+00
1567611874116 7,500e-05 6,525e-06 0,000e+00
1567611884622 7,500e-05 6,450e-06 0,000e+00
1567611895525 7,500e-05 6,375e-06 0,000e+00
1567611904816 7,500e-05 6,300e-06 0,000e+00
1567611915857 7,500e-05 6,225e-06 0,000e+00
1567611926322 7,500e-05 6,150e-06 0,000e+00
1567611937506 7,500e-05 6,075e-06 0,000e+00
1567611948463 7,500e-05 6,000e-06 0,000e+00
1567611948703 7,500e-05 6,075e-06 0,000e+00
1567611948823 7,500e-05 6,000e-06 0,000e+00
1567611960077 7,500e-05 5,925e-06 0,000e+00
1567611971256 7,500e-05 5,850e-06 0,000e+00
1567611983423 7,500e-05 5,775e-06 0,000e+00
1567611997466 7,500e-05 5,700e-06 0,000e+00
1567612011094 7,500e-05 5,625e-06 0,000e+00
1567612023631 7,500e-05 5,550e-06 0,000e+00
1567612039069 7,500e-05 5,475e-06 0,000e+00
1567612039309 7,500e-05 5,550e-06 0,000e+00
1567612039669 7,500e-05 5,475e-06 0,000e+00
1567612055275 7,500e-05 5,400e-06 0,000e+00
1567612071238 7,500e-05 5,325e-06 0,000e+00
1567612087817 7,500e-05 5,250e-06 0,000e+00
1567612105263 7,500e-05 5,175e-06 0,000e+00
1567612125124 7,500e-05 5,100e-06 0,000e+00
1567612145823 7,500e-05 5,025e-06 0,000e+00
1567612167482 7,500e-05 4,950e-06 0,000e+00
1567612185652 7,500e-05 4,875e-06 0,000e+00
1567612208114 7,500e-05 4,800e-06 0,000e+00
1567612227875 7,500e-05 4,875e-06 0,000e+00
1567612231257 7,500e-05 4,950e-06 0,000e+00
1567612231857 7,500e-05 4,875e-06 0,000e+00
1567612239902 7,500e-05 4,800e-06 0,000e+00
1567612250317 7,500e-05 4,725e-06 0,000e+00
1567612267311 7,500e-05 4,650e-06 0,000e+00
1567612284906 7,500e-05 4,725e-06 0,000e+00
1567612285506 7,500e-05 4,800e-06 0,000e+00
1567612285866 7,500e-05 4,875e-06 0,000e+00
1567612286226 7,500e-05 4,950e-06 0,000e+00
1567612286467 7,500e-05 5,025e-06 0,000e+00
1567612286827 7,500e-05 5,100e-06 0,000e+00
1567612287067 7,500e-05 5,175e-06 0,000e+00
1567612287307 7,500e-05 5,250e-06 0,000e+00
1567612287667 7,500e-05 5,325e-06 0,000e+00
1567612287907 7,500e-05 5,400e-06 0,000e+00
1567612288027 7,500e-05 5,475e-06 0,000e+00
1567612288507 7,500e-05 5,550e-06 0,000e+00
1567612288627 7,500e-05 5,625e-06 0,000e+00
1567612289107 7,500e-05 5,700e-06 0,000e+00
1567612289467 7,500e-05 5,775e-06 0,000e+00
1567612289827 7,500e-05 5,850e-06 0,000e+00
1567612290667 7,500e-05 5,925e-06 0,000e+00
1567612297061 7,500e-05 6,000e-06 0,000e+00
1567612300903 7,500e-05 5,925e-06 0,000e+00
1567612303117 7,500e-05 5,850e-06 0,000e+00
1567612304677 7,500e-05 5,925e-06 0,000e+00
1567612306478 7,500e-05 6,000e-06 0,000e+00
1567612307439 7,500e-05 6,075e-06 0,000e+00
1567612308520 7,500e-05 6,150e-06 0,000e+00
1567612309722 7,500e-05 6,225e-06 0,000e+00
1567612310942 7,500e-05 6,300e-06 0,000e+00
1567612318413 7,500e-05 6,375e-06 0,000e+00
1567612319253 7,500e-05 6,450e-06 0,000e+00
1567612320213 7,500e-05 6,525e-06 0,000e+00
1567612320813 7,500e-05 6,600e-06 0,000e+00
1567612322014 7,500e-05 6,675e-06 0,000e+00
1567612323214 7,500e-05 6,750e-06 0,000e+00
1567612325615 7,500e-05 6,825e-06 0,000e+00
1567612326815 7,500e-05 6,900e-06 0,000e+00
1567612328016 7,500e-05 6,975e-06 0,000e+00
1567612328617 7,500e-05 7,050e-06 0,000e+00
1567612329217 7,500e-05 7,125e-06 0,000e+00
1567612330058 7,500e-05 7,200e-06 0,000e+00
1567612330660 7,500e-05 7,275e-06 0,000e+00
1567612332460 7,500e-05 7,350e-06 0,000e+00
1567612334861 7,500e-05 7,275e-06 0,000e+00
1567612336235 7,500e-05 7,200e-06 0,000e+00
1567612339475 7,500e-05 7,125e-06 0,000e+00
1567612343316 7,500e-05 7,200e-06 0,000e+00
1567612346461 7,500e-05 7,275e-06 0,000e+00
1567612347661 7,500e-05 7,350e-06 0,000e+00
1567612348261 7,500e-05 7,425e-06 0,000e+00
1567612349101 7,500e-05 7,500e-06 0,000e+00
1567612355103 7,500e-05 8,250e-06 0,000e+00
1567612364023 7,500e-05 9,000e-06 0,000e+00
1567612368476 7,500e-05 8,250e-06 0,000e+00
1567612405426 7,500e-05 7,500e-06 0,000e+00
1567612419228 7,500e-05 7,425e-06 0,000e+00
1567612423862 7,500e-05 7,350e-06 0,000e+00
1567612425664 7,500e-05 7,275e-06 0,000e+00
1567612428064 7,500e-05 7,200e-06 0,000e+00
1567612431896 7,500e-05 7,275e-06 0,000e+00
1567612432256 7,500e-05 7,350e-06 0,000e+00
1567612432496 7,500e-05 7,425e-06 0,000e+00
1567612432856 7,500e-05 7,500e-06 0,000e+00
1567612433456 7,500e-05 8,250e-06 0,000e+00
1567612434296 7,500e-05 9,000e-06 0,000e+00
1567612434897 7,500e-05 9,750e-06 0,000e+00
1567612435257 7,500e-05 1,050e-05 0,000e+00
1567612435857 7,500e-05 1,125e-05 0,000e+00
1567612436458 7,500e-05 1,200e-05 0,000e+00
1567612437059 7,500e-05 1,275e-05 0,000e+00
1567612437660 7,500e-05 1,350e-05 0,000e+00
1567612440062 7,500e-05 1,275e-05 0,000e+00
1567612441263 7,500e-05 1,200e-05 0,000e+00
1567612443304 7,500e-05 1,125e-05 0,000e+00
1567612445104 7,500e-05 1,050e-05 0,000e+00
1567612448224 7,500e-05 9,750e-06 0,000e+00
1567612450507 7,500e-05 9,000e-06 0,000e+00
1567612455068 7,500e-05 8,250e-06 0,000e+00
1567612470840 7,500e-05 7,500e-06 0,000e+00
1567612482255 7,500e-05 7,425e-06 0,000e+00
1567612485317 7,500e-05 7,350e-06 0,000e+00
1567612489518 7,500e-05 7,275e-06 0,000e+00
1567612493311 7,500e-05 7,200e-06 0,000e+00
1567612498260 7,500e-05 7,125e-06 0,000e+00
1567612502224 7,500e-05 7,050e-06 0,000e+00
1567612502464 7,500e-05 7,125e-06 0,000e+00
1567612502704 7,500e-05 7,050e-06 0,000e+00
1567612506440 7,500e-05 6,975e-06 0,000e+00
1567612510920 7,500e-05 6,900e-06 0,000e+00
1567612515210 7,500e-05 6,825e-06 0,000e+00
1567612520010 7,500e-05 6,750e-06 0,000e+00
1567612523859 7,500e-05 6,675e-06 0,000e+00
1567612528905 7,500e-05 6,600e-06 0,000e+00
1567612534316 7,500e-05 6,525e-06 0,000e+00
1567612539258 7,500e-05 6,450e-06 0,000e+00
1567612544469 7,500e-05 6,375e-06 0,000e+00
1567612549223 7,500e-05 6,300e-06 0,000e+00
1567612555465 7,500e-05 6,225e-06 0,000e+00
1567612561474 7,500e-05 6,150e-06 0,000e+00
1567612568075 7,500e-05 6,075e-06 0,000e+00
1567612575071 7,500e-05 6,000e-06 0,000e+00
1567612582521 7,500e-05 5,925e-06 0,000e+00
1567612589604 7,500e-05 5,850e-06 0,000e+00
1567612598248 7,500e-05 5,775e-06 0,000e+00
1567612607521 7,500e-05 5,700e-06 0,000e+00
1567612617083 7,500e-05 5,625e-06 0,000e+00
1567612626448 7,500e-05 5,550e-06 0,000e+00
1567612638860 7,500e-05 5,475e-06 0,000e+00
1567612650883 7,500e-05 5,400e-06 0,000e+00
1567612663513 7,500e-05 5,325e-06 0,000e+00
1567612676841 7,500e-05 5,250e-06 0,000e+00
1567612690482 7,500e-05 5,175e-06 0,000e+00
1567612706466 7,500e-05 5,100e-06 0,000e+00
1567612721422 7,500e-05 5,025e-06 0,000e+00
1567612737475 7,500e-05 4,950e-06 0,000e+00
1567612751490 7,500e-05 4,875e-06 0,000e+00
1567612768805 7,500e-05 4,800e-06 0,000e+00
1567612782808 7,500e-05 4,875e-06 0,000e+00
1567612783048 7,500e-05 4,950e-06 0,000e+00
1567612783408 7,500e-05 5,100e-06 0,000e+00
1567612783648 7,500e-05 5,175e-06 0,000e+00
1567612784010 7,500e-05 5,325e-06 0,000e+00
1567612784610 7,500e-05 5,475e-06 0,000e+00
1567612784903 7,500e-05 5,550e-06 0,000e+00
1567612785263 7,500e-05 5,700e-06 0,000e+00
1567612785558 7,500e-05 5,775e-06 0,000e+00
1567612785918 7,500e-05 5,925e-06 0,000e+00
1567612786038 7,500e-05 6,000e-06 0,000e+00
1567612786278 7,500e-05 6,075e-06 0,000e+00
1567612786518 7,500e-05 6,150e-06 0,000e+00
1567612786638 7,500e-05 6,225e-06 0,000e+00
1567612786878 7,500e-05 6,300e-06 0,000e+00
1567612787118 7,500e-05 6,375e-06 0,000e+00
1567612787238 7,500e-05 6,450e-06 0,000e+00
1567612787719 7,500e-05 6,525e-06 0,000e+00
1567612787839 7,500e-05 6,600e-06 0,000e+00
1567612788319 7,500e-05 6,675e-06 0,000e+00
1567612788688 7,500e-05 6,750e-06 0,000e+00
1567612789289 7,500e-05 6,825e-06 0,000e+00
1567612789889 7,500e-05 6,900e-06 0,000e+00
1567612791209 7,500e-05 6,975e-06 0,000e+00
1567612799250 7,500e-05 6,900e-06 0,000e+00
1567612803699 7,500e-05 6,825e-06 0,000e+00
1567612807660 7,500e-05 6,750e-06 0,000e+00
1567612811052 7,500e-05 6,675e-06 0,000e+00
1567612815013 7,500e-05 6,600e-06 0,000e+00
1567612819715 7,500e-05 6,525e-06 0,000e+00
1567612824048 7,500e-05 6,450e-06 0,000e+00
1567612828850 7,500e-05 6,375e-06 0,000e+00
1567612833416 7,500e-05 6,300e-06 0,000e+00
1567612839104 7,500e-05 6,225e-06 0,000e+00
1567612844632 7,500e-05 6,150e-06 0,000e+00
1567612851234 7,500e-05 6,075e-06 0,000e+00
1567612857476 7,500e-05 6,000e-06 0,000e+00
1567612864677 7,500e-05 5,925e-06 0,000e+00
1567612871226 7,500e-05 5,850e-06 0,000e+00
1567612880112 7,500e-05 5,775e-06 0,000e+00
1567612889607 7,500e-05 5,700e-06 0,000e+00
1567612899626 7,500e-05 5,625e-06 0,000e+00
1567612909235 7,500e-05 5,550e-06 0,000e+00
1567612921243 7,500e-05 5,475e-06 0,000e+00
1567612932714 7,500e-05 5,400e-06 0,000e+00
1567612944250 7,500e-05 5,325e-06 0,000e+00
1567612956027 7,500e-05 5,250e-06 0,000e+00
1567612968603 7,500e-05 5,175e-06 0,000e+00
1567612974606 7,500e-05 5,250e-06 0,000e+00
1567612975206 7,500e-05 5,400e-06 0,000e+00
1567612975806 7,500e-05 5,550e-06 0,000e+00
1567612976046 7,500e-05 5,625e-06 0,000e+00
1567612976406 7,500e-05 5,775e-06 0,000e+00
1567612976646 7,500e-05 5,850e-06 0,000e+00
1567612977007 7,500e-05 6,000e-06 0,000e+00
1567612977247 7,500e-05 6,075e-06 0,000e+00
1567612977611 7,500e-05 6,150e-06 0,000e+00
1567612977851 7,500e-05 6,225e-06 0,000e+00
1567612978451 7,500e-05 6,375e-06 0,000e+00
1567612979051 7,500e-05 6,450e-06 0,000e+00
1567612979651 7,500e-05 6,525e-06 0,000e+00
1567612980251 7,500e-05 6,600e-06 0,000e+00
1567612981451 7,500e-05 6,675e-06 0,000e+00
1567612984220 7,500e-05 6,750e-06 0,000e+00
1567612984460 7,500e-05 6,825e-06 0,000e+00
1567612984700 7,500e-05 6,900e-06 0,000e+00
1567612985061 7,500e-05 7,050e-06 0,000e+00
1567612985301 7,500e-05 7,125e-06 0,000e+00
1567612985661 7,500e-05 7,275e-06 0,000e+00
1567612985902 7,500e-05 7,425e-06 0,000e+00
1567612986262 7,500e-05 7,500e-06 0,000e+00
1567612986863 7,500e-05 8,250e-06 0,000e+00
1567612988064 7,500e-05 9,000e-06 0,000e+00
1567613003002 7,500e-05 8,250e-06 0,000e+00
1567613017045 7,500e-05 7,500e-06 0,000e+00
1567613026200 7,500e-05 7,425e-06 0,000e+00
1567613028841 7,500e-05 7,350e-06 0,000e+00
1567613031601 7,500e-05 7,275e-06 0,000e+00
1567613034242 7,500e-05 7,200e-06 0,000e+00
1567613036402 7,500e-05 7,125e-06 0,000e+00
1567613039402 7,500e-05 7,050e-06 0,000e+00
1567613043242 7,500e-05 6,975e-06 0,000e+00
1567613047449 7,500e-05 6,900e-06 0,000e+00
1567613051226 7,500e-05 6,825e-06 0,000e+00
1567613057871 7,500e-05 6,750e-06 0,000e+00
1567613061639 7,500e-05 6,675e-06 0,000e+00
1567613068242 7,500e-05 6,600e-06 0,000e+00
1567613074004 7,500e-05 6,525e-06 0,000e+00
1567613079068 7,500e-05 6,450e-06 0,000e+00
1567613084502 7,500e-05 6,375e-06 0,000e+00
1567613088463 7,500e-05 6,300e-06 0,000e+00
1567613094706 7,500e-05 6,225e-06 0,000e+00
1567613099866 7,500e-05 6,150e-06 0,000e+00
1567613104908 7,500e-05 6,075e-06 0,000e+00
1567613110102 7,500e-05 6,000e-06 0,000e+00
1567613116465 7,500e-05 5,925e-06 0,000e+00
1567613138863 7,500e-05 6,000e-06 0,000e+00
1567613139909 7,500e-05 5,925e-06 0,000e+00
1567613148260 7,500e-05 5,850e-06 0,000e+00
1567613153431 7,500e-05 5,775e-06 0,000e+00
1567613157911 7,500e-05 5,700e-06 0,000e+00
1567613161041 7,500e-05 5,625e-06 0,000e+00
1567613164288 7,500e-05 5,550e-06 0,000e+00
1567613168042 7,500e-05 5,475e-06 0,000e+00
1567613169245 7,500e-05 5,550e-06 0,000e+00
1567613171459 7,500e-05 5,625e-06 0,000e+00
1567613173631 7,500e-05 5,550e-06 0,000e+00
1567613176481 7,500e-05 5,475e-06 0,000e+00
1567613178616 7,500e-05 5,400e-06 0,000e+00
1567613181257 7,500e-05 5,325e-06 0,000e+00
1567613183074 7,500e-05 5,250e-06 0,000e+00
1567613184400 7,500e-05 5,175e-06 0,000e+00
1567613185000 7,500e-05 5,100e-06 0,000e+00
1567613185600 7,500e-05 5,025e-06 0,000e+00
1567613186200 7,500e-05 4,950e-06 0,000e+00
1567613187281 7,500e-05 4,875e-06 0,000e+00
1567613188493 7,500e-05 4,800e-06 0,000e+00
1567613190293 7,500e-05 4,725e-06 0,000e+00
1567613192713 7,500e-05 4,650e-06 0,000e+00
1567613195913 7,500e-05 4,575e-06 0,000e+00
1567613201908 7,500e-05 4,500e-06 0,000e+00
1567613210099 7,500e-05 4,425e-06 0,000e+00
1567613221871 7,500e-05 4,350e-06 0,000e+00
1567613233656 7,500e-05 4,425e-06 0,000e+00
1567613248230 7,500e-05 4,350e-06 0,000e+00
1567613256998 7,500e-05 4,275e-06 0,000e+00
1567613257238 7,500e-05 4,125e-06 0,000e+00
1567613257598 7,500e-05 3,750e-06 0,000e+00
1567613257838 7,500e-05 3,675e-06 0,000e+00
1567613258080 7,500e-05 3,525e-06 0,000e+00
1567613258200 7,500e-05 3,450e-06 0,000e+00
1567613258440 7,500e-05 3,375e-06 0,000e+00
1567613258800 7,500e-05 3,300e-06 0,000e+00
1567613259683 7,500e-05 3,225e-06 0,000e+00
1567613261848 7,500e-05 3,150e-06 0,000e+00
1567613278401 7,500e-05 3,075e-06 0,000e+00
1567613287025 7,500e-05 3,000e-06 0,000e+00
1567613296309 7,500e-05 2,925e-06 0,000e+00
1567613305030 7,500e-05 2,850e-06 0,000e+00
1567613315837 7,500e-05 2,775e-06 0,000e+00
1567613328312 7,500e-05 2,700e-06 0,000e+00
1567613344996 7,500e-05 2,625e-06 0,000e+00
1567613365593 7,500e-05 2,550e-06 0,000e+00
1567613365833 7,500e-05 2,625e-06 0,000e+00
1567613366195 7,500e-05 2,550e-06 0,000e+00
1567613396287 7,500e-05 2,475e-06 0,000e+00
1567613432237 7,500e-05 2,400e-06 0,000e+00
1567613432598 7,500e-05 2,475e-06 0,000e+00
1567613432838 7,500e-05 2,400e-06 0,000e+00
1567613433198 7,500e-05 2,475e-06 0,000e+00
1567613433438 7,500e-05 2,400e-06 0,000e+00
1567613484892 7,500e-05 2,325e-06 0,000e+00
1567613485012 7,500e-05 2,400e-06 0,000e+00
1567613485852 7,500e-05 2,325e-06 0,000e+00
1567613486092 7,500e-05 2,400e-06 0,000e+00
1567613486452 7,500e-05 2,325e-06 0,000e+00
1567613569487 7,500e-05 2,250e-06 0,000e+00
1567613569607 7,500e-05 2,325e-06 0,000e+00
1567613569847 7,500e-05 2,250e-06 0,000e+00
1567613570807 7,500e-05 2,325e-06 0,000e+00
1567613571047 7,500e-05 2,250e-06 0,000e+00
time  column1,torr column2,torr vessel torr  
1567613607248 7,500e-05 2,250e-06 0,000e+00
time  column1,torr column2,torr vessel torr  
1567613637229 7,500e-05 2,250e-06 0,000e+00
time  column1,torr column2,torr vessel torr  
1567613670114 7,500e-05 2,250e-06 0,000e+00
time  column1,torr column2,torr vessel torr  
1567613741456 7,500e-05 2,250e-06 0,000e+00
time  column1,torr column2,torr vessel torr  
1567617041063 7,500e-05 1,050e-04 0,000e+00
1567617056937 7,500e-05 1,125e-04 0,000e+00
time  column1,torr column2,torr vessel torr  
1567617182795 7,500e-05 1,275e-04 0,000e+00
time  column1,torr column2,torr vessel torr  
1567617200985 7,500e-05 1,275e-04 0,000e+00
1567617212651 7,500e-05 1,350e-04 0,000e+00
