1566934760129 0 0 0.0 0.0

1566934967920 0 0 0.0 0.0

1566935105587 0 0 0.0 0.0

1566935189311 0 0 0.0 0.0

1566935250708 0 0 0.0 0.0

1566935726540 0 0 0.0 0.0

1566936491302 0 0 0.0 0.0

1566936641632 0 0 0.0 0.0

1566936736329 0 0 0.0 0.0

1566936787542 0 0 0.0 0.0

1566936800541 0 0 0.0 0.0

1566936870244 0 0 0.0 0.0

1566937043769 0 0 0.0 0.0

1566937122319 0 0 0.0 0.0

1566937528744 0 0 0.0 0.0

1566937587915 0 0 0.0 0.0

1566937631022 0 0 0.0 0.0

1566937919292 0 0 0.0 0.0

1566937945115 0 0 0.0 0.0

1566937994283 0 0 0.0 0.0

1566938035957 0 0 0.0 0.0

1566938143881 0 0 0.0 0.0

1566938300223 0 0 0.0 0.0

1566938330329 0 0 0.0 0.0

1566938418605 0 0 0.0 0.0

1566939839834 0 0 0.0 0.0

1566939862953 0 0 0.0 0.0

1566939900365 0 0 0.0 0.0

1566940208236 0 0 0.0 0.0

1566940324302 0 0 0.0 0.0

1566940645942 0 0 0.0 0.0

1566940796848 0 0 0.0 0.0

1566940940738 0 0 0.0 0.0

1567365799389 0 0 0.0 0.0

1567365907401 0 0 0.0 0.0

1567365980911 0 0 0.0 0.0

1567366155325 0 0 0.0 0.0

1567366244215 0 0 0.0 0.0

1567366309732 0 0 0.0 0.0

1567366418734 0 0 0.0 0.0

1567367973145 0 0 0.0 0.0

1567368030228 0 0 0.0 0.0

1567368552586 0 0 0.0 0.0

1567368834173 0 0 0.0 0.0

1567369033776 0 0 0.0 0.0

