1567609236347 3,090e-02
1567609236711 3,098e-02
1567609236953 3,090e-02
1567609237701 3,083e-02
1567609237944 3,090e-02
1567609239152 3,083e-02
1567609239286 3,090e-02
1567609239771 3,098e-02
1567609239893 3,090e-02
1567609240375 3,098e-02
1567609240861 3,090e-02
1567609241463 3,098e-02
1567609241950 3,090e-02
1567609242558 3,098e-02
1567609243165 3,090e-02
1567609244375 3,098e-02
1567609244510 3,090e-02
1567609244752 3,083e-02
1567609244874 3,098e-02
1567609245116 3,083e-02
1567609245359 3,090e-02
1567609246090 3,083e-02
1567609246332 3,090e-02
1567609246581 3,083e-02
1567609246705 3,090e-02
1567609247910 3,083e-02
1567609248152 3,090e-02
1567609248515 3,083e-02
1567609248761 3,090e-02
1567609249483 3,083e-02
1567609249971 3,090e-02
1567609250581 3,083e-02
1567609250705 3,090e-02
1567609251067 3,098e-02
1567609251309 3,090e-02
1567609251911 3,083e-02
1567609252153 3,090e-02
1567609252515 3,083e-02
1567609252761 3,090e-02
1567609253395 3,083e-02
1567609253517 3,090e-02
1567609254361 3,083e-02
1567609254728 3,090e-02
1567609255571 3,098e-02
1567609255693 3,090e-02
1567609255935 3,083e-02
1567609256057 3,090e-02
1567609256299 3,098e-02
1567609256661 3,090e-02
1567609257751 3,098e-02
1567609257873 3,090e-02
1567609258475 3,098e-02
1567609258961 3,090e-02
1567609260171 3,083e-02
1567609260293 3,090e-02
1567609260540 3,083e-02
1567609260662 3,075e-02
1567609260904 3,090e-02
1567609261506 3,098e-02
1567609261757 3,090e-02
1567609263086 3,098e-02
1567609263694 3,090e-02
1567609264056 3,083e-02
1567609264661 3,090e-02
1567609264903 3,098e-02
1567609265265 3,090e-02
1567609266111 3,098e-02
1567609266353 3,090e-02
1567609266488 3,098e-02
1567609266972 3,090e-02
1567609267334 3,083e-02
1567609267701 3,090e-02
1567609268063 3,098e-02
1567609268554 3,090e-02
1567609268676 3,068e-02
1567609268918 3,083e-02
1567609269160 3,090e-02
1567609269771 3,098e-02
1567609269893 3,090e-02
1567609270135 3,098e-02
1567609270257 3,090e-02
1567609270499 3,075e-02
1567609270862 3,090e-02
1567609271463 3,098e-02
1567609271712 3,090e-02
1567609272074 3,083e-02
1567609272316 3,090e-02
1567609272561 3,083e-02
1567609273164 3,098e-02
1567609273526 3,083e-02
1567609273774 3,090e-02
1567609273896 3,083e-02
1567609274257 3,098e-02
1567609274498 3,083e-02
1567609274860 3,090e-02
1567609277151 3,083e-02
1567609277513 3,090e-02
1567609278122 3,083e-02
1567609278364 3,090e-02
1567609278731 3,105e-02
1567609278973 3,090e-02
1567609279701 3,083e-02
1567609279943 3,090e-02
1567609280065 3,098e-02
1567609280547 3,090e-02
1567609280910 3,083e-02
1567609281155 3,090e-02
1567609281517 3,083e-02
1567609281695 3,098e-02
1567609281937 3,090e-02
1567609282661 3,098e-02
1567609282903 3,090e-02
1567609283265 3,098e-02
1567609283507 3,083e-02
1567609283751 3,090e-02
1567609284113 3,083e-02
1567609284355 3,090e-02
1567609284476 3,098e-02
1567609284962 3,090e-02
1567609285324 3,083e-02
1567609285572 3,098e-02
1567609285694 3,083e-02
1567609285936 3,090e-02
1567609286322 3,083e-02
1567609286692 3,090e-02
1567609286934 3,083e-02
1567609287057 3,090e-02
1567609289953 3,083e-02
1567609290075 3,090e-02
1567609290562 3,075e-02
1567609290684 3,090e-02
1567609291530 3,083e-02
1567609291771 3,090e-02
1567609291893 3,083e-02
1567609292134 3,090e-02
1567609293341 3,083e-02
1567609293462 3,090e-02
1567609293711 3,098e-02
1567609293953 3,090e-02
1567609294315 3,098e-02
1567609295173 3,090e-02
1567609295661 3,083e-02
1567609295903 3,098e-02
1567609296145 3,090e-02
1567609296266 3,098e-02
1567609296871 3,090e-02
1567609297352 3,098e-02
1567609297474 3,090e-02
1567609297721 3,083e-02
1567609297963 3,090e-02
1567609298084 3,083e-02
1567609298571 3,098e-02
1567609298692 3,090e-02
1567609298933 3,083e-02
1567609299664 3,090e-02
1567609299906 3,083e-02
1567609300148 3,090e-02
1567609300751 3,098e-02
1567609301112 3,090e-02
1567609302566 3,083e-02
1567609303168 3,090e-02
1567609303770 3,098e-02
1567609303891 3,090e-02
1567609304372 3,083e-02
1567609304493 3,098e-02
1567609304862 3,090e-02
1567609305103 3,083e-02
1567609305465 3,090e-02
1567609306315 3,098e-02
1567609306562 3,090e-02
1567609308372 3,083e-02
1567609308494 3,090e-02
1567609308902 3,083e-02
1567609309145 3,090e-02
1567609309507 3,083e-02
1567609310112 3,090e-02
1567609310353 3,083e-02
1567609310474 3,090e-02
1567609310722 3,083e-02
1567609310967 3,090e-02
1567609311089 3,083e-02
1567609311692 3,098e-02
1567609311934 3,090e-02
1567609312662 3,105e-02
1567609312904 3,083e-02
1567609313265 3,090e-02
1567609313507 3,083e-02
1567609313752 3,098e-02
1567609314113 3,090e-02
1567609314475 3,098e-02
1567609314962 3,083e-02
1567609315323 3,090e-02
1567609315572 3,098e-02
1567609315934 3,090e-02
1567609316661 3,083e-02
1567609317263 3,098e-02
1567609317505 3,068e-02
1567609317751 3,098e-02
1567609317873 3,090e-02
1567609318114 3,083e-02
1567609318724 3,090e-02
1567609320171 3,083e-02
1567609320293 3,090e-02
1567609320552 3,098e-02
1567609320674 3,090e-02
1567609321516 3,083e-02
1567609321762 3,090e-02
1567609321887 3,083e-02
1567609322369 3,090e-02
1567609322498 3,083e-02
1567609323344 3,098e-02
1567609323465 3,083e-02
1567609323718 3,090e-02
1567609323959 3,083e-02
1567609324320 3,090e-02
1567609324562 3,098e-02
1567609324683 3,090e-02
1567609324924 3,083e-02
1567609325165 3,090e-02
1567609325287 3,083e-02
1567609325892 3,098e-02
1567609326373 3,090e-02
1567609326494 3,083e-02
1567609326858 3,090e-02
1567609327099 3,098e-02
1567609327709 3,090e-02
1567609328310 3,098e-02
1567609328912 3,090e-02
1567609329153 3,098e-02
1567609329275 3,090e-02
1567609329762 3,105e-02
1567609330122 3,128e-02
1567609330364 3,158e-02
1567609330968 3,195e-02
1567609331572 3,225e-02
1567609331933 3,233e-02
1567609332055 3,240e-02
1567609332297 3,248e-02
1567609332662 3,263e-02
1567609333263 3,270e-02
1567609333752 3,278e-02
1567609334474 3,285e-02
1567609334962 3,278e-02
1567609335084 3,292e-02
1567609335325 3,285e-02
1567609335613 3,292e-02
1567609335751 3,285e-02
1567609335872 3,292e-02
1567609336475 3,300e-02
1567609336722 3,292e-02
1567609337323 3,300e-02
1567609337688 3,308e-02
1567609338169 3,285e-02
1567609338312 3,458e-02
1567609338561 3,690e-02
1567609338695 3,923e-02
1567609338937 4,133e-02
1567609339059 4,350e-02
1567609339301 4,553e-02
1567609339544 4,748e-02
1567609339664 4,912e-02
1567609339906 5,078e-02
1567609340147 5,228e-02
1567609340508 5,595e-02
1567609340752 5,783e-02
1567609340873 5,933e-02
1567609341114 6,135e-02
1567609341356 6,360e-02
1567609341722 7,275e-02
1567609341964 7,950e-02
1567609342086 1,020e-01
1567609342572 3,255e-01
1567609342694 2,325e+00
1567609342935 5,475e+00
1567609343056 1,050e+01
1567609343298 2,025e+01
1567609343661 4,275e+01
1567609343904 5,250e+01
1567609344506 9,750e+01
1567609345107 1,350e+02
1567609345714 1,725e+02
1567609345956 2,025e+02
1567609346318 2,325e+02
1567609346572 2,400e+02
1567609346694 2,625e+02
1567609347055 2,775e+02
1567609347300 2,850e+02
1567609347541 3,000e+02
1567609347905 3,225e+02
1567609348507 2,775e+02
1567609349108 3,000e+02
1567609349470 3,525e+02
1567609349712 3,600e+02
1567609349953 3,900e+02
1567609350074 3,975e+02
1567609350321 4,275e+02
1567609350562 4,350e+02
1567609350684 4,650e+02
1567609350925 5,025e+02
1567609351166 5,250e+02
1567609351772 6,000e+02
1567609352133 6,750e+02
1567609352742 7,500e+02
1567609374513 6,750e+02
1567609374763 7,500e+02
1567609375366 6,750e+02
1567609378863 6,000e+02
1567609381154 5,250e+02
1567609381276 6,000e+02
1567609381519 5,250e+02
1567609383323 5,100e+02
1567609383573 5,025e+02
1567609383695 5,100e+02
1567609384057 5,025e+02
1567609384663 4,875e+02
1567609385663 4,725e+02
1567609385904 4,650e+02
1567609386506 4,500e+02
1567609387092 4,275e+02
1567609387936 4,125e+02
1567609388057 3,975e+02
1567609388897 3,900e+02
1567609389259 3,600e+02
1567609389861 3,525e+02
1567609390463 3,225e+02
1567609390712 3,375e+02
1567609390953 3,225e+02
1567609391317 3,000e+02
1567609392520 2,925e+02
1567609392762 2,850e+02
1567609393363 2,775e+02
1567609394099 2,700e+02
1567609394701 2,625e+02
1567609395301 2,550e+02
1567609395663 2,475e+02
1567609396144 2,400e+02
1567609396747 2,325e+02
1567609397350 2,250e+02
1567609397951 2,175e+02
1567609398553 2,100e+02
1567609398680 2,025e+02
1567609399522 1,875e+02
1567609399763 1,950e+02
1567609400123 1,800e+02
1567609400735 1,725e+02
1567609401457 1,575e+02
1567609402058 1,500e+02
1567609402900 1,425e+02
1567609404361 1,350e+02
1567609405561 1,275e+02
1567609406883 1,200e+02
1567609408088 1,125e+02
1567609409055 1,050e+02
1567609410264 9,750e+01
1567609411733 9,000e+01
1567609412703 8,250e+01
1567609413713 7,500e+01
1567609413954 7,425e+01
1567609414563 7,350e+01
1567609415174 7,200e+01
1567609415295 7,050e+01
1567609415657 6,900e+01
1567609416260 6,675e+01
1567609416862 6,600e+01
1567609417104 6,450e+01
1567609417465 6,300e+01
1567609417713 6,225e+01
1567609417955 6,150e+01
1567609418077 6,075e+01
1567609418563 6,000e+01
1567609418684 5,850e+01
1567609419167 5,775e+01
1567609419289 5,550e+01
1567609419653 5,400e+01
1567609420152 5,325e+01
1567609420513 5,175e+01
1567609421135 5,100e+01
1567609421499 5,025e+01
1567609421863 4,950e+01
1567609422463 4,875e+01
1567609422705 4,800e+01
1567609423306 4,725e+01
1567609423553 4,650e+01
1567609423915 4,575e+01
1567609424516 4,500e+01
1567609424883 4,425e+01
1567609425125 4,350e+01
1567609425366 4,275e+01
1567609425854 4,200e+01
1567609426455 4,050e+01
1567609427057 3,975e+01
1567609427298 3,900e+01
1567609427663 3,825e+01
1567609427908 3,750e+01
1567609428150 3,675e+01
1567609428271 3,600e+01
1567609428874 3,525e+01
1567609429116 3,450e+01
1567609429724 3,375e+01
1567609429964 3,300e+01
1567609430570 3,150e+01
1567609430697 3,075e+01
1567609431058 3,000e+01
1567609431674 2,925e+01
1567609432684 2,850e+01
1567609433554 2,775e+01
1567609434178 2,700e+01
1567609434968 2,625e+01
1567609435698 2,550e+01
1567609436551 2,475e+01
1567609437290 2,400e+01
1567609438133 2,325e+01
1567609438854 2,250e+01
1567609439456 2,175e+01
1567609440063 2,100e+01
1567609440675 2,025e+01
1567609441519 1,950e+01
1567609441908 1,875e+01
1567609442653 1,800e+01
1567609443254 1,725e+01
1567609443863 1,650e+01
1567609444472 1,575e+01
1567609444955 1,500e+01
1567609446165 1,425e+01
1567609447874 1,350e+01
1567609449686 1,275e+01
1567609451254 1,200e+01
1567609452963 1,125e+01
1567609454574 1,050e+01
1567609455904 9,750e+00
1567609457532 9,000e+00
1567609458509 8,250e+00
1567609459753 7,500e+00
1567609460769 7,425e+00
1567609460929 7,350e+00
1567609461320 7,275e+00
1567609461573 7,200e+00
1567609461942 7,125e+00
1567609462304 7,050e+00
1567609462553 6,975e+00
1567609462923 6,900e+00
1567609463164 6,825e+00
1567609463653 6,675e+00
1567609464255 6,525e+00
1567609464744 6,450e+00
1567609465105 6,375e+00
1567609465347 6,300e+00
1567609465468 6,225e+00
1567609465954 6,150e+00
1567609466315 6,075e+00
1567609466555 6,000e+00
1567609466915 5,850e+00
1567609467276 5,775e+00
1567609467518 5,700e+00
1567609467932 5,625e+00
1567609468053 5,550e+00
1567609468550 5,475e+00
1567609468671 5,400e+00
1567609468912 5,325e+00
1567609469282 5,250e+00
1567609469764 5,175e+00
1567609470133 5,100e+00
1567609470764 5,025e+00
1567609471269 4,950e+00
1567609471889 4,875e+00
1567609472498 4,800e+00
1567609472864 4,725e+00
1567609473491 4,650e+00
1567609474094 4,575e+00
1567609474704 4,500e+00
1567609475307 4,425e+00
1567609475696 4,350e+00
1567609476057 4,275e+00
1567609476914 4,200e+00
1567609477157 4,125e+00
1567609477767 4,050e+00
1567609478255 3,975e+00
1567609478747 3,900e+00
1567609479349 3,825e+00
1567609479749 3,750e+00
1567609480110 3,675e+00
1567609480760 3,600e+00
1567609481122 3,525e+00
1567609481964 3,450e+00
1567609482088 3,375e+00
1567609482700 3,300e+00
1567609483063 3,225e+00
1567609484064 3,075e+00
1567609484559 3,000e+00
1567609485554 2,925e+00
1567609486764 2,850e+00
1567609487894 2,775e+00
1567609489161 2,700e+00
1567609490594 2,625e+00
1567609491568 2,550e+00
1567609492654 2,475e+00
1567609494104 2,400e+00
1567609495102 2,325e+00
1567609496322 2,250e+00
1567609497923 2,175e+00
1567609498661 2,100e+00
1567609500184 2,025e+00
1567609501155 1,950e+00
1567609502366 1,875e+00
1567609503735 1,800e+00
1567609504713 1,725e+00
1567609505941 1,650e+00
1567609507166 1,575e+00
1567609508256 1,500e+00
1567609509105 1,493e+00
1567609509475 1,485e+00
1567609509966 1,478e+00
1567609510087 1,470e+00
1567609510328 1,463e+00
1567609510694 1,455e+00
1567609511067 1,448e+00
1567609511313 1,440e+00
1567609511684 1,432e+00
1567609512165 1,425e+00
1567609512286 1,418e+00
1567609512527 1,410e+00
1567609512894 1,403e+00
1567609513255 1,395e+00
1567609513496 1,388e+00
1567609514104 1,373e+00
1567609514484 1,365e+00
1567609514734 1,358e+00
1567609515096 1,350e+00
1567609515456 1,343e+00
1567609515704 1,335e+00
1567609516317 1,320e+00
1567609516685 1,313e+00
1567609516925 1,305e+00
1567609517306 1,297e+00
1567609517554 1,290e+00
1567609517915 1,283e+00
1567609518278 1,275e+00
1567609518526 1,268e+00
1567609518925 1,260e+00
1567609519323 1,253e+00
1567609519573 1,245e+00
1567609520056 1,237e+00
1567609520322 1,230e+00
1567609520564 1,223e+00
1567609520933 1,215e+00
1567609521295 1,208e+00
1567609521920 1,193e+00
1567609522521 1,185e+00
1567609522767 1,178e+00
1567609522888 1,170e+00
1567609523370 1,163e+00
1567609523492 1,155e+00
1567609523857 1,148e+00
1567609524339 1,140e+00
1567609524704 1,133e+00
1567609524946 1,125e+00
1567609525314 1,118e+00
1567609525689 1,110e+00
1567609525931 1,103e+00
1567609526293 1,095e+00
1567609526655 1,088e+00
1567609527260 1,073e+00
1567609527501 1,065e+00
1567609528114 1,057e+00
1567609528482 1,050e+00
1567609528737 1,043e+00
1567609529143 1,035e+00
1567609529504 1,028e+00
1567609529755 1,020e+00
1567609530118 1,013e+00
1567609530479 1,005e+00
1567609530967 9,975e-01
1567609531328 9,900e-01
1567609531454 9,825e-01
1567609531946 9,750e-01
1567609532307 9,675e-01
1567609533164 9,525e-01
1567609533654 9,450e-01
1567609533895 9,375e-01
1567609534136 9,300e-01
1567609534499 9,225e-01
1567609535104 9,150e-01
1567609535345 9,075e-01
1567609535714 9,000e-01
1567609535955 8,925e-01
1567609536319 8,850e-01
1567609536695 8,775e-01
1567609537056 8,700e-01
1567609537544 8,625e-01
1567609537922 8,550e-01
1567609538283 8,475e-01
1567609538655 8,400e-01
1567609539256 8,325e-01
1567609539497 8,250e-01
1567609539887 8,175e-01
1567609540128 8,100e-01
1567609540735 8,025e-01
1567609540856 7,950e-01
1567609541340 7,875e-01
1567609541946 7,800e-01
1567609542308 7,725e-01
1567609542555 7,650e-01
1567609542918 7,575e-01
1567609543300 7,500e-01
1567609543544 7,485e-01
1567609543910 7,448e-01
1567609544151 7,425e-01
1567609544300 7,403e-01
1567609545166 7,320e-01
1567609545287 7,298e-01
1567609545544 7,268e-01
1567609545918 7,230e-01
1567609546160 7,215e-01
1567609546280 7,185e-01
1567609546765 7,140e-01
1567609546885 7,125e-01
1567609547127 7,103e-01
1567609547305 7,088e-01
1567609547554 7,058e-01
1567609547675 7,035e-01
1567609547916 7,020e-01
1567609548157 6,998e-01
1567609548278 6,975e-01
1567609548520 6,960e-01
1567609548676 6,938e-01
1567609548924 6,915e-01
1567609549165 6,893e-01
1567609549286 6,878e-01
1567609549534 6,855e-01
1567609549655 6,833e-01
1567609549897 6,810e-01
1567609550143 6,788e-01
1567609550504 6,750e-01
1567609550755 6,728e-01
1567609551255 6,668e-01
1567609551496 6,653e-01
1567609551744 6,630e-01
1567609552105 6,585e-01
1567609552346 6,570e-01
1567609552467 6,548e-01
1567609552715 6,518e-01
1567609552955 6,503e-01
1567609553317 6,465e-01
1567609553565 6,443e-01
1567609553686 6,428e-01
1567609553928 6,405e-01
1567609554170 6,383e-01
1567609554291 6,368e-01
1567609554656 6,315e-01
1567609554897 6,308e-01
1567609555258 6,270e-01
1567609555500 6,248e-01
1567609555775 6,225e-01
1567609555897 6,203e-01
1567609556257 6,173e-01
1567609556499 6,143e-01
1567609557122 6,090e-01
1567609557363 6,075e-01
1567609557966 6,008e-01
1567609558088 6,000e-01
1567609558339 5,978e-01
1567609558460 5,955e-01
1567609558705 5,940e-01
1567609558951 5,918e-01
1567609559071 5,903e-01
1567609559313 5,880e-01
1567609559555 5,865e-01
1567609560165 5,805e-01
1567609560291 5,783e-01
1567609560534 5,768e-01
1567609560656 5,745e-01
1567609560898 5,730e-01
1567609561160 5,708e-01
1567609561286 5,693e-01
1567609561534 5,678e-01
1567609561654 5,655e-01
1567609561895 5,633e-01
1567609562270 5,603e-01
1567609562511 5,580e-01
1567609562755 5,565e-01
1567609563117 5,528e-01
1567609563357 5,512e-01
1567609563479 5,498e-01
1567609563737 5,460e-01
1567609563860 5,445e-01
1567609564100 5,430e-01
1567609564342 5,423e-01
1567609564755 5,385e-01
1567609565115 5,340e-01
1567609565357 5,325e-01
1567609565481 5,303e-01
1567609565728 5,295e-01
1567609565970 5,273e-01
1567609566092 5,258e-01
1567609566453 5,228e-01
1567609566712 5,220e-01
1567609567317 5,175e-01
1567609567685 5,153e-01
1567609567927 5,145e-01
1567609568052 5,130e-01
1567609568299 5,123e-01
1567609568905 5,085e-01
1567609569145 5,078e-01
1567609569282 5,070e-01
1567609569768 5,040e-01
1567609569902 5,033e-01
1567609570504 4,995e-01
1567609570755 4,973e-01
1567609571117 4,958e-01
1567609571360 4,950e-01
1567609571728 4,935e-01
1567609571969 4,912e-01
1567609572092 4,905e-01
1567609572456 4,883e-01
1567609572706 4,875e-01
1567609572960 4,860e-01
1567609573081 4,853e-01
1567609573493 4,830e-01
1567609573857 4,808e-01
1567609574104 4,800e-01
1567609574345 4,785e-01
1567609574712 4,755e-01
1567609575072 4,740e-01
1567609575314 4,733e-01
1567609575711 4,710e-01
1567609575953 4,695e-01
1567609576073 4,688e-01
1567609576314 4,673e-01
1567609576566 4,658e-01
1567609576941 4,643e-01
1567609577149 4,628e-01
1567609577271 4,620e-01
1567609577513 4,605e-01
1567609578128 4,575e-01
1567609578368 4,568e-01
1567609578525 4,553e-01
1567609578766 4,545e-01
1567609578886 4,538e-01
1567609579128 4,530e-01
1567609579370 4,515e-01
1567609579496 4,508e-01
1567609579881 4,485e-01
1567609580363 4,463e-01
1567609580484 4,455e-01
1567609580967 4,433e-01
1567609581088 4,418e-01
1567609581336 4,410e-01
1567609581462 4,403e-01
1567609581703 4,388e-01
1567609581949 4,380e-01
1567609582069 4,373e-01
1567609582333 4,358e-01
1567609582454 4,343e-01
1567609583055 4,320e-01
1567609583296 4,313e-01
1567609583904 4,275e-01
1567609584146 4,268e-01
1567609584269 4,260e-01
1567609584510 4,252e-01
1567609584755 4,238e-01
1567609585116 4,215e-01
1567609585358 4,208e-01
1567609585964 4,178e-01
1567609586085 4,163e-01
1567609586327 4,155e-01
1567609586575 4,148e-01
1567609586696 4,140e-01
1567609586945 4,125e-01
1567609587067 4,118e-01
1567609587308 4,110e-01
1567609587557 4,095e-01
1567609587677 4,088e-01
1567609587919 4,080e-01
1567609588160 4,073e-01
1567609588280 4,058e-01
1567609588521 4,050e-01
1567609588765 4,035e-01
1567609588886 4,028e-01
1567609589127 4,020e-01
1567609589367 4,012e-01
1567609589489 4,005e-01
1567609589735 3,990e-01
1567609589856 3,983e-01
1567609590103 3,975e-01
1567609590344 3,960e-01
1567609590706 3,945e-01
1567609590948 3,938e-01
1567609591069 3,923e-01
1567609591310 3,915e-01
1567609591556 3,908e-01
1567609591677 3,900e-01
1567609591918 3,885e-01
1567609592160 3,878e-01
1567609592281 3,863e-01
1567609592763 3,855e-01
1567609592883 3,840e-01
1567609593365 3,825e-01
1567609593486 3,803e-01
1567609593856 3,795e-01
1567609594097 3,780e-01
1567609594459 3,765e-01
1567609594706 3,750e-01
1567609595068 3,735e-01
1567609595557 3,720e-01
1567609595919 3,705e-01
1567609596167 3,690e-01
1567609596535 3,675e-01
1567609596655 3,667e-01
1567609596897 3,660e-01
1567609597259 3,638e-01
1567609597510 3,630e-01
1567609597756 3,623e-01
1567609598117 3,608e-01
1567609598358 3,593e-01
1567609598966 3,570e-01
1567609599087 3,555e-01
1567609599328 3,548e-01
1567609599576 3,540e-01
1567609599697 3,533e-01
1567609600057 3,518e-01
1567609600298 3,503e-01
1567609600545 3,495e-01
1567609600906 3,480e-01
1567609601147 3,473e-01
1567609601267 3,465e-01
1567609601509 3,458e-01
1567609601755 3,435e-01
1567609601876 3,428e-01
1567609602358 3,420e-01
1567609602479 3,405e-01
1567609602725 3,398e-01
1567609602966 3,390e-01
1567609603088 3,383e-01
1567609603329 3,368e-01
1567609603696 3,353e-01
1567609603938 3,345e-01
1567609604059 3,338e-01
1567609604300 3,330e-01
1567609604544 3,315e-01
1567609604904 3,300e-01
1567609605145 3,293e-01
1567609605267 3,278e-01
1567609605509 3,270e-01
1567609605755 3,263e-01
1567609606116 3,240e-01
1567609606357 3,225e-01
1567609606478 3,218e-01
1567609606964 3,195e-01
1567609607085 3,188e-01
1567609607327 3,173e-01
1567609607575 3,165e-01
1567609607695 3,158e-01
1567609607936 3,143e-01
1567609608058 3,135e-01
1567609608300 3,128e-01
1567609608547 3,113e-01
1567609608669 3,105e-01
1567609608912 3,090e-01
1567609609153 3,083e-01
1567609609515 3,060e-01
1567609609757 3,045e-01
1567609610118 3,030e-01
1567609610360 3,008e-01
1567609610966 2,985e-01
1567609611087 2,978e-01
1567609611328 2,970e-01
1567609611576 2,963e-01
1567609611696 2,955e-01
1567609612058 2,940e-01
1567609612298 2,933e-01
1567609612905 2,910e-01
1567609613146 2,903e-01
1567609613268 2,895e-01
1567609613509 2,888e-01
1567609613756 2,880e-01
1567609614116 2,865e-01
1567609614359 2,858e-01
1567609614726 2,835e-01
1567609614967 2,828e-01
1567609615087 2,820e-01
1567609615329 2,813e-01
1567609615576 2,805e-01
1567609615696 2,798e-01
1567609615938 2,790e-01
1567609616059 2,775e-01
1567609616300 2,768e-01
1567609616666 2,745e-01
1567609616908 2,738e-01
1567609617148 2,723e-01
1567609617270 2,715e-01
1567609617520 2,700e-01
1567609617766 2,685e-01
1567609617887 2,678e-01
1567609618128 2,663e-01
1567609618391 2,655e-01
1567609618512 2,640e-01
1567609618778 2,625e-01
1567609618899 2,610e-01
1567609619141 2,595e-01
1567609619273 2,580e-01
1567609619516 2,573e-01
1567609619766 2,558e-01
1567609619886 2,543e-01
1567609620256 2,505e-01
1567609620496 2,490e-01
1567609620745 2,475e-01
1567609620867 2,460e-01
1567609621117 2,445e-01
1567609621358 2,430e-01
1567609621479 2,408e-01
1567609621726 2,393e-01
1567609621852 2,370e-01
1567609622096 2,355e-01
1567609622458 2,318e-01
1567609622708 2,302e-01
1567609622950 2,280e-01
1567609623326 2,243e-01
1567609623584 2,220e-01
1567609623705 2,190e-01
1567609623872 2,175e-01
1567609624113 2,153e-01
1567609624360 2,130e-01
1567609624481 2,108e-01
1567609624744 2,085e-01
1567609624865 2,063e-01
1567609625106 2,040e-01
1567609625348 2,010e-01
1567609625470 1,987e-01
1567609625716 1,965e-01
1567609625956 1,943e-01
1567609626602 1,860e-01
1567609626724 1,838e-01
1567609626965 1,808e-01
1567609627086 1,778e-01
1567609627335 1,748e-01
1567609627456 1,718e-01
1567609627729 1,688e-01
1567609627985 1,658e-01
1567609628105 1,628e-01
1567609628384 1,598e-01
1567609628504 1,568e-01
1567609628816 1,538e-01
1567609628937 1,508e-01
1567609629059 1,478e-01
1567609629313 1,455e-01
1567609629759 1,418e-01
1567609629879 1,388e-01
1567609630133 1,365e-01
1567609630254 1,343e-01
1567609630495 1,320e-01
1567609630736 1,298e-01
1567609630873 1,268e-01
1567609631130 1,245e-01
1567609631251 1,215e-01
1567609631525 1,193e-01
1567609631766 1,163e-01
1567609631899 1,133e-01
1567609632140 1,110e-01
1567609632504 1,050e-01
1567609632726 1,020e-01
1567609632966 9,900e-02
1567609633089 9,600e-02
1567609633453 9,000e-02
1567609633697 8,700e-02
1567609633947 8,325e-02
1567609634069 8,025e-02
1567609634325 7,650e-02
1567609634576 7,410e-02
1567609634709 7,163e-02
1567609634964 6,900e-02
1567609635086 6,645e-02
1567609635337 6,375e-02
1567609635459 6,113e-02
1567609635717 5,850e-02
1567609635970 5,550e-02
1567609636092 5,288e-02
1567609636481 4,815e-02
1567609636741 4,583e-02
1567609637102 4,117e-02
1567609637343 3,870e-02
1567609637716 3,383e-02
1567609637957 3,173e-02
1567609638318 2,760e-02
1567609638563 2,588e-02
1567609638684 2,408e-02
1567609639164 2,040e-02
1567609639285 1,868e-02
1567609639535 1,703e-02
1567609639656 1,523e-02
1567609639899 1,418e-02
1567609640259 1,185e-02
1567609640501 1,088e-02
1567609640745 9,825e-03
1567609640866 9,075e-03
1567609641108 8,250e-03
1567609641348 7,575e-03
1567609641469 6,900e-03
1567609641716 6,450e-03
1567609641956 5,925e-03
1567609642318 5,100e-03
1567609642565 4,800e-03
1567609642686 4,575e-03
1567609642928 4,275e-03
1567609643049 4,050e-03
1567609643290 3,825e-03
1567609643656 3,450e-03
1567609643897 3,225e-03
1567609644139 3,075e-03
1567609644260 3,000e-03
1567609644501 2,925e-03
1567609644747 2,775e-03
1567609644870 2,625e-03
1567609645119 2,550e-03
1567609645360 2,475e-03
1567609645481 2,400e-03
1567609645727 2,325e-03
1567609645967 2,250e-03
1567609646089 2,175e-03
1567609646329 2,100e-03
1567609646698 1,950e-03
1567609647060 1,875e-03
1567609647302 1,800e-03
1567609647546 1,875e-03
1567609647667 1,800e-03
1567609647921 1,725e-03
1567609648163 1,650e-03
1567609648283 1,575e-03
1567609648903 1,650e-03
1567609649143 1,500e-03
1567609649867 1,425e-03
1567609650348 1,350e-03
1567609650717 1,275e-03
1567609650958 1,350e-03
1567609651319 1,200e-03
1567609651687 1,275e-03
1567609651927 1,200e-03
1567609652168 1,125e-03
1567609652530 1,200e-03
1567609652654 1,125e-03
1567609652894 1,200e-03
1567609653258 1,125e-03
1567609653746 1,050e-03
1567609653867 9,750e-04
1567609654107 1,050e-03
1567609654348 1,350e-03
1567609654470 1,275e-03
1567609656928 1,200e-03
1567609659126 1,125e-03
1567609660693 1,050e-03
1567609662148 9,750e-04
1567609663470 9,000e-04
1567609664911 8,250e-04
1567609666111 7,500e-04
1567609666713 7,425e-04
1567609666954 7,350e-04
1567609667315 7,275e-04
1567609667557 7,200e-04
1567609667918 7,050e-04
1567609668049 6,975e-04
1567609668657 6,825e-04
1567609668900 6,750e-04
1567609669268 6,675e-04
1567609669509 6,600e-04
1567609669751 6,525e-04
1567609670114 6,375e-04
1567609670475 6,300e-04
1567609670717 6,225e-04
1567609670959 6,150e-04
1567609671319 6,000e-04
1567609671922 5,850e-04
1567609672162 5,775e-04
1567609672764 5,625e-04
1567609672885 5,550e-04
1567609673125 5,475e-04
1567609673367 5,400e-04
1567609673727 5,325e-04
1567609673968 5,250e-04
1567609674330 5,175e-04
1567609674697 5,100e-04
1567609675058 5,025e-04
1567609675538 4,950e-04
1567609675900 4,875e-04
1567609676502 4,800e-04
1567609676869 4,725e-04
1567609677503 4,650e-04
1567609677656 4,575e-04
1567609678257 4,500e-04
1567609678740 4,425e-04
1567609679100 4,350e-04
1567609679727 4,275e-04
1567609680087 4,200e-04
1567609680584 4,125e-04
1567609680968 4,050e-04
1567609681348 3,975e-04
1567609681717 3,900e-04
1567609682318 3,825e-04
1567609682686 3,750e-04
1567609683068 3,675e-04
1567609683457 3,600e-04
1567609684109 3,525e-04
1567609684471 3,450e-04
1567609684755 3,375e-04
1567609685117 3,300e-04
1567609685357 3,225e-04
1567609685727 3,150e-04
1567609686088 3,075e-04
1567609686329 3,000e-04
1567609686697 2,925e-04
1567609687550 2,850e-04
1567609688158 2,775e-04
1567609688767 2,700e-04
1567609689487 2,625e-04
1567609690111 2,550e-04
1567609690716 2,475e-04
1567609691318 2,400e-04
1567609692166 2,325e-04
1567609692768 2,250e-04
1567609693250 2,175e-04
1567609694097 2,100e-04
1567609694706 2,025e-04
1567609698911 1,575e-04
1567609699528 1,500e-04
1567609700860 1,425e-04
1567609702667 1,350e-04
1567609704713 1,275e-04
1567609706767 1,200e-04
1567609708948 1,125e-04
1567609711090 1,050e-04
1567609713147 9,750e-05
1567609715568 9,000e-05
1567609717490 8,250e-05
1567609719948 7,500e-05
1567609721280 7,425e-05
1567609721889 7,350e-05
1567609722490 7,275e-05
1567609723094 7,200e-05
1567609723455 7,125e-05
1567609724096 7,050e-05
1567609724708 6,975e-05
1567609725310 6,900e-05
1567609725912 6,825e-05
1567609726513 6,750e-05
1567609727137 6,675e-05
1567609727738 6,600e-05
1567609728099 6,525e-05
1567609728941 6,450e-05
1567609729304 6,375e-05
1567609729907 6,300e-05
1567609730508 6,225e-05
1567609731109 6,150e-05
1567609731734 6,075e-05
1567609732454 6,000e-05
1567609733058 5,925e-05
1567609733718 5,850e-05
1567609734569 5,775e-05
1567609734931 5,700e-05
1567609735935 5,625e-05
1567609736295 5,550e-05
1567609736897 5,475e-05
1567609737499 5,400e-05
1567609738258 5,325e-05
1567609738867 5,250e-05
1567609739951 5,175e-05
1567609741157 5,100e-05
1567609742487 5,025e-05
1567609743956 4,950e-05
1567609745107 4,875e-05
1567609746567 4,800e-05
1567609748251 4,725e-05
1567609749456 4,650e-05
1567609750666 4,575e-05
1567609752367 4,500e-05
1567609753688 4,425e-05
1567609755252 4,350e-05
1567609756999 4,275e-05
1567609758087 4,200e-05
1567609759660 4,125e-05
1567609761100 4,050e-05
1567609762307 3,975e-05
1567609763757 3,900e-05
1567609765147 3,825e-05
1567609766727 3,750e-05
1567609768295 3,675e-05
1567609769868 3,600e-05
1567609771679 3,525e-05
1567609773858 3,450e-05
1567609775908 3,375e-05
1567609778087 3,300e-05
1567609780487 3,225e-05
1567609783149 3,150e-05
1567609785950 3,075e-05
1567609788729 3,000e-05
1567609793958 2,925e-05
1567609800918 2,850e-05
1567609808668 2,775e-05
1567609816519 2,700e-05
1567609825050 2,625e-05
1567609834099 2,550e-05
1567609843049 2,475e-05
1567609852748 2,400e-05
1567609862709 2,325e-05
1567609873526 2,250e-05
1567609884759 2,175e-05
1567609896669 2,100e-05
1567609909139 2,025e-05
1567609922352 1,950e-05
1567609935510 1,875e-05
1567609950160 1,800e-05
1567609965364 1,725e-05
1567609981271 1,650e-05
1567609998560 1,575e-05
1567610016449 1,500e-05
1567610040346 1,425e-05
1567610071284 1,350e-05
1567610104936 1,275e-05
1567610115097 1,200e-05
1567610115895 1,125e-05
1567610117277 1,050e-05
1567610119947 9,750e-06
1567610120309 1,050e-05
1567610120564 1,350e-05
1567610120684 1,500e-05
1567610121046 1,425e-05
1567610121286 1,350e-05
1567610124927 1,275e-05
1567610146448 1,200e-05
1567610184503 1,125e-05
1567610229756 1,050e-05
1567610280740 9,750e-06
1567610335468 9,000e-06
1567610398546 8,250e-06
1567610473497 7,500e-06
1567610520499 7,425e-06
1567610533251 7,350e-06
1567610546439 7,275e-06
1567610559238 7,200e-06
1567610573079 7,125e-06
1567610585090 7,050e-06
1567610599310 6,975e-06
1567610613724 6,900e-06
1567610614151 6,975e-06
1567610614271 6,900e-06
1567610628900 6,825e-06
1567610644515 6,750e-06
1567610657353 6,675e-06
1567610657473 6,750e-06
1567610657787 6,675e-06
1567610673950 6,600e-06
1567610689692 6,525e-06
1567610706843 6,450e-06
1567610723464 6,375e-06
1567610738944 6,300e-06
1567610757288 6,225e-06
1567610774918 6,150e-06
1567610793674 6,075e-06
1567610812698 6,000e-06
1567610812938 6,075e-06
1567610813059 6,000e-06
1567610832632 5,925e-06
1567610851494 5,850e-06
1567610864635 1,875e-05
1567610864875 4,725e-05
1567610865235 9,750e-05
1567610865475 1,050e-04
1567610866133 9,750e-05
1567610866493 9,000e-05
1567610866733 8,250e-05
1567610867093 7,500e-05
1567610867333 7,275e-05
1567610867693 6,825e-05
1567610867934 6,600e-05
1567610868294 6,150e-05
1567610868894 5,400e-05
1567610869494 4,950e-05
1567610870098 4,575e-05
1567610870338 4,500e-05
1567610870458 4,350e-05
1567610870698 4,200e-05
1567610870938 4,125e-05
1567610871058 3,975e-05
1567610871299 3,900e-05
1567610871540 3,750e-05
1567610871660 3,600e-05
1567610871900 3,525e-05
1567610872140 3,375e-05
1567610872260 3,225e-05
1567610872500 3,150e-05
1567610872740 3,000e-05
1567610873102 2,925e-05
1567610873342 2,850e-05
1567610873714 2,775e-05
1567610873834 2,700e-05
1567610874434 2,550e-05
1567610875034 2,475e-05
1567610875274 2,400e-05
1567610875634 2,325e-05
1567610875875 2,250e-05
1567610876235 2,175e-05
1567610876835 2,100e-05
1567610877075 2,025e-05
1567610877435 1,950e-05
1567610878047 1,875e-05
1567610878287 1,800e-05
1567610878648 1,725e-05
1567610879248 1,650e-05
1567610879730 1,575e-05
1567610880330 1,500e-05
1567610880933 1,425e-05
1567610881893 1,350e-05
1567610883100 1,275e-05
1567610884301 1,200e-05
1567610885261 1,125e-05
1567610886942 1,050e-05
1567610888743 9,750e-06
1567610890663 9,000e-06
1567610893691 8,250e-06
1567610896834 7,500e-06
1567610899123 7,425e-06
1567610899723 7,350e-06
1567610900684 7,275e-06
1567610901286 7,200e-06
1567610902126 7,125e-06
1567610902729 7,050e-06
1567610903449 6,975e-06
1567610904529 6,900e-06
1567610905489 6,825e-06
1567610906449 6,750e-06
1567610907529 6,675e-06
1567610908729 6,600e-06
1567610909929 6,525e-06
1567610911249 6,450e-06
1567610912929 6,375e-06
1567610914257 6,300e-06
1567610916540 6,225e-06
1567610918461 6,150e-06
1567610921506 6,075e-06
1567610925107 6,000e-06
1567610944680 6,075e-06
1567610948684 6,150e-06
1567610950846 6,225e-06
1567610953246 6,300e-06
1567610955895 6,375e-06
1567610958295 6,450e-06
1567610961295 6,525e-06
1567610965497 6,600e-06
1567610971140 6,675e-06
1567610974678 6,750e-06
1567610978639 6,825e-06
1567610982240 6,900e-06
1567610984520 6,975e-06
1567610986322 7,050e-06
1567610987882 7,125e-06
1567610989084 7,200e-06
1567610990885 7,275e-06
1567610993285 7,350e-06
1567611006537 7,425e-06
1567611010498 7,500e-06
1567611018898 8,250e-06
1567611070847 7,500e-06
1567611102478 7,425e-06
1567611114346 7,350e-06
1567611129305 7,275e-06
1567611147708 7,200e-06
1567611147848 7,275e-06
1567611149230 7,200e-06
1567611149470 7,275e-06
1567611149830 7,200e-06
1567611206658 7,275e-06
1567611208867 7,200e-06
1567611209228 7,275e-06
1567611269134 7,200e-06
1567611269254 7,275e-06
1567611269500 7,200e-06
1567611286124 7,125e-06
1567611286244 7,200e-06
1567611286484 7,125e-06
1567611295082 7,200e-06
1567611296323 7,275e-06
1567611296684 7,350e-06
1567611297290 7,425e-06
1567611297651 7,500e-06
1567611299331 8,250e-06
1567611302451 9,000e-06
1567611349428 8,250e-06
1567611372042 9,000e-06
1567611478291 8,250e-06
1567611550496 7,500e-06
1567611585271 7,425e-06
1567611592337 7,350e-06
1567611600539 7,275e-06
1567611607452 7,200e-06
1567611615073 7,125e-06
1567611621723 7,050e-06
1567611629933 6,975e-06
1567611638839 6,900e-06
1567611648271 6,825e-06
1567611658473 6,750e-06
1567611667222 6,675e-06
1567611677225 6,600e-06
1567611687912 6,525e-06
1567611699083 6,450e-06
1567611709221 6,375e-06
1567611714056 6,450e-06
1567611714656 6,525e-06
1567611714896 6,600e-06
1567611715256 6,675e-06
1567611715496 6,750e-06
1567611715737 6,825e-06
1567611715857 6,900e-06
1567611716097 6,975e-06
1567611716337 7,050e-06
1567611716458 7,125e-06
1567611716698 7,200e-06
1567611716818 7,275e-06
1567611717058 7,350e-06
1567611717298 7,500e-06
1567611718018 8,250e-06
1567611719218 9,000e-06
1567611720419 9,750e-06
1567611721915 1,050e-05
1567611724076 9,750e-06
1567611726477 9,000e-06
1567611729244 8,250e-06
1567611733686 7,500e-06
1567611739849 7,425e-06
1567611742730 7,350e-06
1567611747024 7,275e-06
1567611752770 7,200e-06
1567611753143 7,275e-06
1567611753263 7,200e-06
1567611764667 7,125e-06
1567611786882 7,050e-06
1567611799623 6,975e-06
1567611810250 6,900e-06
1567611825262 6,825e-06
1567611840263 6,750e-06
1567611851216 6,675e-06
1567611863269 6,600e-06
1567611874116 6,525e-06
1567611884622 6,450e-06
1567611895525 6,375e-06
1567611904816 6,300e-06
1567611915858 6,225e-06
1567611926322 6,150e-06
1567611937506 6,075e-06
1567611948463 6,000e-06
1567611948703 6,075e-06
1567611948823 6,000e-06
1567611960077 5,925e-06
1567611971257 5,850e-06
1567611983423 5,775e-06
1567611997466 5,700e-06
1567612011094 5,625e-06
1567612023631 5,550e-06
1567612039069 5,475e-06
1567612039309 5,550e-06
1567612039670 5,475e-06
1567612055275 5,400e-06
1567612071238 5,325e-06
1567612087817 5,250e-06
1567612105263 5,175e-06
1567612125124 5,100e-06
1567612145823 5,025e-06
1567612167482 4,950e-06
1567612185652 4,875e-06
1567612208114 4,800e-06
1567612227875 4,875e-06
1567612231257 4,950e-06
1567612231857 4,875e-06
1567612239902 4,800e-06
1567612250317 4,725e-06
1567612267311 4,650e-06
1567612284906 4,725e-06
1567612285506 4,800e-06
1567612285866 4,875e-06
1567612286227 4,950e-06
1567612286467 5,025e-06
1567612286827 5,100e-06
1567612287067 5,175e-06
1567612287307 5,250e-06
1567612287667 5,325e-06
1567612287907 5,400e-06
1567612288027 5,475e-06
1567612288507 5,550e-06
1567612288627 5,625e-06
1567612289107 5,700e-06
1567612289467 5,775e-06
1567612289827 5,850e-06
1567612290667 5,925e-06
1567612297061 6,000e-06
1567612300903 5,925e-06
1567612303117 5,850e-06
1567612304677 5,925e-06
1567612306479 6,000e-06
1567612307440 6,075e-06
1567612308520 6,150e-06
1567612309722 6,225e-06
1567612310942 6,300e-06
1567612318413 6,375e-06
1567612319253 6,450e-06
1567612320213 6,525e-06
1567612320813 6,600e-06
1567612322014 6,675e-06
1567612323215 6,750e-06
1567612325615 6,825e-06
1567612326815 6,900e-06
1567612328016 6,975e-06
1567612328617 7,050e-06
1567612329218 7,125e-06
1567612330059 7,200e-06
1567612330660 7,275e-06
1567612332460 7,350e-06
1567612334861 7,275e-06
1567612336235 7,200e-06
1567612339475 7,125e-06
1567612343316 7,200e-06
1567612346461 7,275e-06
1567612347661 7,350e-06
1567612348261 7,425e-06
1567612349102 7,500e-06
1567612355103 8,250e-06
1567612364023 9,000e-06
1567612368476 8,250e-06
1567612405426 7,500e-06
1567612419228 7,425e-06
1567612423862 7,350e-06
1567612425664 7,275e-06
1567612428064 7,200e-06
1567612431896 7,275e-06
1567612432256 7,350e-06
1567612432496 7,425e-06
1567612432856 7,500e-06
1567612433456 8,250e-06
1567612434297 9,000e-06
1567612434897 9,750e-06
1567612435257 1,050e-05
1567612435858 1,125e-05
1567612436458 1,200e-05
1567612437060 1,275e-05
1567612437660 1,350e-05
1567612440063 1,275e-05
1567612441264 1,200e-05
1567612443304 1,125e-05
1567612445104 1,050e-05
1567612448225 9,750e-06
1567612450507 9,000e-06
1567612455068 8,250e-06
1567612470840 7,500e-06
1567612482255 7,425e-06
1567612485317 7,350e-06
1567612489518 7,275e-06
1567612493311 7,200e-06
1567612498260 7,125e-06
1567612502224 7,050e-06
1567612502464 7,125e-06
1567612502705 7,050e-06
1567612506440 6,975e-06
1567612510921 6,900e-06
1567612515210 6,825e-06
1567612520010 6,750e-06
1567612523859 6,675e-06
1567612528906 6,600e-06
1567612534316 6,525e-06
1567612539259 6,450e-06
1567612544469 6,375e-06
1567612549223 6,300e-06
1567612555465 6,225e-06
1567612561474 6,150e-06
1567612568075 6,075e-06
1567612575071 6,000e-06
1567612582521 5,925e-06
1567612589604 5,850e-06
1567612598248 5,775e-06
1567612607521 5,700e-06
1567612617083 5,625e-06
1567612626448 5,550e-06
1567612638860 5,475e-06
1567612650883 5,400e-06
1567612663513 5,325e-06
1567612676841 5,250e-06
1567612690482 5,175e-06
1567612706466 5,100e-06
1567612721422 5,025e-06
1567612737475 4,950e-06
1567612751490 4,875e-06
1567612768805 4,800e-06
1567612782808 4,875e-06
1567612783048 4,950e-06
1567612783408 5,100e-06
1567612783649 5,175e-06
1567612784010 5,325e-06
1567612784610 5,475e-06
1567612784903 5,550e-06
1567612785263 5,700e-06
1567612785558 5,775e-06
1567612785918 5,925e-06
1567612786038 6,000e-06
1567612786278 6,075e-06
1567612786518 6,150e-06
1567612786638 6,225e-06
1567612786878 6,300e-06
1567612787118 6,375e-06
1567612787238 6,450e-06
1567612787719 6,525e-06
1567612787839 6,600e-06
1567612788319 6,675e-06
1567612788688 6,750e-06
1567612789289 6,825e-06
1567612789889 6,900e-06
1567612791209 6,975e-06
1567612799250 6,900e-06
1567612803699 6,825e-06
1567612807660 6,750e-06
1567612811052 6,675e-06
1567612815014 6,600e-06
1567612819715 6,525e-06
1567612824048 6,450e-06
1567612828850 6,375e-06
1567612833416 6,300e-06
1567612839104 6,225e-06
1567612844633 6,150e-06
1567612851234 6,075e-06
1567612857476 6,000e-06
1567612864677 5,925e-06
1567612871226 5,850e-06
1567612880112 5,775e-06
1567612889607 5,700e-06
1567612899626 5,625e-06
1567612909235 5,550e-06
1567612921243 5,475e-06
1567612932715 5,400e-06
1567612944250 5,325e-06
1567612956027 5,250e-06
1567612968603 5,175e-06
1567612974606 5,250e-06
1567612975206 5,400e-06
1567612975806 5,550e-06
1567612976046 5,625e-06
1567612976406 5,775e-06
1567612976647 5,850e-06
1567612977007 6,000e-06
1567612977247 6,075e-06
1567612977611 6,150e-06
1567612977851 6,225e-06
1567612978451 6,375e-06
1567612979051 6,450e-06
1567612979651 6,525e-06
1567612980251 6,600e-06
1567612981451 6,675e-06
1567612984220 6,750e-06
1567612984460 6,825e-06
1567612984700 6,900e-06
1567612985061 7,050e-06
1567612985301 7,125e-06
1567612985661 7,275e-06
1567612985902 7,425e-06
1567612986263 7,500e-06
1567612986864 8,250e-06
1567612988064 9,000e-06
1567613003002 8,250e-06
1567613017045 7,500e-06
1567613026200 7,425e-06
1567613028841 7,350e-06
1567613031601 7,275e-06
1567613034242 7,200e-06
1567613036402 7,125e-06
1567613039402 7,050e-06
1567613043242 6,975e-06
1567613047449 6,900e-06
1567613051226 6,825e-06
1567613057871 6,750e-06
1567613061639 6,675e-06
1567613068242 6,600e-06
1567613074004 6,525e-06
1567613079068 6,450e-06
1567613084502 6,375e-06
1567613088463 6,300e-06
1567613094706 6,225e-06
1567613099866 6,150e-06
1567613104908 6,075e-06
1567613110102 6,000e-06
1567613116465 5,925e-06
1567613138863 6,000e-06
1567613139909 5,925e-06
1567613148260 5,850e-06
1567613153432 5,775e-06
1567613157912 5,700e-06
1567613161042 5,625e-06
1567613164288 5,550e-06
1567613168042 5,475e-06
1567613169245 5,550e-06
1567613171459 5,625e-06
1567613173631 5,550e-06
1567613176481 5,475e-06
1567613178616 5,400e-06
1567613181257 5,325e-06
1567613183074 5,250e-06
1567613184400 5,175e-06
1567613185000 5,100e-06
1567613185600 5,025e-06
1567613186201 4,950e-06
1567613187282 4,875e-06
1567613188493 4,800e-06
1567613190294 4,725e-06
1567613192713 4,650e-06
1567613195913 4,575e-06
1567613201908 4,500e-06
1567613210099 4,425e-06
1567613221871 4,350e-06
1567613233656 4,425e-06
1567613248230 4,350e-06
1567613256998 4,275e-06
1567613257238 4,125e-06
1567613257598 3,750e-06
1567613257839 3,675e-06
1567613258080 3,525e-06
1567613258200 3,450e-06
1567613258440 3,375e-06
1567613258801 3,300e-06
1567613259683 3,225e-06
1567613261849 3,150e-06
1567613278402 3,075e-06
1567613287026 3,000e-06
1567613296309 2,925e-06
1567613305030 2,850e-06
1567613315837 2,775e-06
1567613328312 2,700e-06
1567613344996 2,625e-06
1567613365593 2,550e-06
1567613365833 2,625e-06
1567613366195 2,550e-06
1567613396287 2,475e-06
1567613432237 2,400e-06
1567613432598 2,475e-06
1567613432838 2,400e-06
1567613433198 2,475e-06
1567613433438 2,400e-06
1567613484892 2,325e-06
1567613485012 2,400e-06
1567613485852 2,325e-06
1567613486092 2,400e-06
1567613486452 2,325e-06
1567613569487 2,250e-06
1567613569607 2,325e-06
1567613569847 2,250e-06
1567613570807 2,325e-06
1567613571047 2,250e-06
1567613607249 2,250e-06
1567613637229 2,250e-06
1567613670115 2,250e-06
1567613741457 2,250e-06
1567617041063 1,050e-04
1567617056938 1,125e-04
1567617182796 1,275e-04
1567617200986 1,275e-04
1567617212652 1,350e-04
