1567609236347 3,090e-02
1567609236711 3,098e-02
1567609236953 3,090e-02
1567609237702 3,083e-02
1567609237945 3,090e-02
1567609239152 3,083e-02
1567609239287 3,090e-02
1567609239772 3,098e-02
1567609239893 3,090e-02
1567609240375 3,098e-02
1567609240862 3,090e-02
1567609241464 3,098e-02
1567609241952 3,090e-02
1567609242559 3,098e-02
1567609243166 3,090e-02
1567609244376 3,098e-02
1567609244511 3,090e-02
1567609244752 3,083e-02
1567609244875 3,098e-02
1567609245117 3,083e-02
1567609245359 3,090e-02
1567609246090 3,083e-02
1567609246332 3,090e-02
1567609246581 3,083e-02
1567609246706 3,090e-02
1567609247910 3,083e-02
1567609248152 3,090e-02
1567609248515 3,083e-02
1567609248762 3,090e-02
1567609249483 3,083e-02
1567609249972 3,090e-02
1567609250582 3,083e-02
1567609250705 3,090e-02
1567609251068 3,098e-02
1567609251309 3,090e-02
1567609251912 3,083e-02
1567609252153 3,090e-02
1567609252515 3,083e-02
1567609252762 3,090e-02
1567609253395 3,083e-02
1567609253518 3,090e-02
1567609254361 3,083e-02
1567609254728 3,090e-02
1567609255571 3,098e-02
1567609255694 3,090e-02
1567609255936 3,083e-02
1567609256057 3,090e-02
1567609256300 3,098e-02
1567609256661 3,090e-02
1567609257751 3,098e-02
1567609257873 3,090e-02
1567609258476 3,098e-02
1567609258961 3,090e-02
1567609260171 3,083e-02
1567609260293 3,090e-02
1567609260540 3,083e-02
1567609260662 3,075e-02
1567609260904 3,090e-02
1567609261506 3,098e-02
1567609261757 3,090e-02
1567609263086 3,098e-02
1567609263694 3,090e-02
1567609264056 3,083e-02
1567609264661 3,090e-02
1567609264903 3,098e-02
1567609265265 3,090e-02
1567609266111 3,098e-02
1567609266353 3,090e-02
1567609266488 3,098e-02
1567609266972 3,090e-02
1567609267334 3,083e-02
1567609267701 3,090e-02
1567609268063 3,098e-02
1567609268554 3,090e-02
1567609268677 3,068e-02
1567609268918 3,083e-02
1567609269160 3,090e-02
1567609269771 3,098e-02
1567609269893 3,090e-02
1567609270136 3,098e-02
1567609270257 3,090e-02
1567609270499 3,075e-02
1567609270862 3,090e-02
1567609271463 3,098e-02
1567609271712 3,090e-02
1567609272074 3,083e-02
1567609272316 3,090e-02
1567609272562 3,083e-02
1567609273164 3,098e-02
1567609273526 3,083e-02
1567609273774 3,090e-02
1567609273896 3,083e-02
1567609274257 3,098e-02
1567609274498 3,083e-02
1567609274860 3,090e-02
1567609277151 3,083e-02
1567609277513 3,090e-02
1567609278122 3,083e-02
1567609278364 3,090e-02
1567609278731 3,105e-02
1567609278973 3,090e-02
1567609279701 3,083e-02
1567609279943 3,090e-02
1567609280065 3,098e-02
1567609280547 3,090e-02
1567609280910 3,083e-02
1567609281155 3,090e-02
1567609281517 3,083e-02
1567609281695 3,098e-02
1567609281937 3,090e-02
1567609282661 3,098e-02
1567609282903 3,090e-02
1567609283265 3,098e-02
1567609283508 3,083e-02
1567609283751 3,090e-02
1567609284113 3,083e-02
1567609284355 3,090e-02
1567609284477 3,098e-02
1567609284963 3,090e-02
1567609285325 3,083e-02
1567609285573 3,098e-02
1567609285694 3,083e-02
1567609285936 3,090e-02
1567609286322 3,083e-02
1567609286692 3,090e-02
1567609286935 3,083e-02
1567609287058 3,090e-02
1567609289953 3,083e-02
1567609290075 3,090e-02
1567609290563 3,075e-02
1567609290684 3,090e-02
1567609291530 3,083e-02
1567609291771 3,090e-02
1567609291893 3,083e-02
1567609292134 3,090e-02
1567609293341 3,083e-02
1567609293462 3,090e-02
1567609293711 3,098e-02
1567609293953 3,090e-02
1567609294315 3,098e-02
1567609295173 3,090e-02
1567609295661 3,083e-02
1567609295903 3,098e-02
1567609296145 3,090e-02
1567609296266 3,098e-02
1567609296871 3,090e-02
1567609297352 3,098e-02
1567609297474 3,090e-02
1567609297721 3,083e-02
1567609297963 3,090e-02
1567609298084 3,083e-02
1567609298571 3,098e-02
1567609298692 3,090e-02
1567609298933 3,083e-02
1567609299664 3,090e-02
1567609299906 3,083e-02
1567609300148 3,090e-02
1567609300751 3,098e-02
1567609301112 3,090e-02
1567609302566 3,083e-02
1567609303168 3,090e-02
1567609303770 3,098e-02
1567609303891 3,090e-02
1567609304372 3,083e-02
1567609304493 3,098e-02
1567609304862 3,090e-02
1567609305104 3,083e-02
1567609305465 3,090e-02
1567609306315 3,098e-02
1567609306562 3,090e-02
1567609308372 3,083e-02
1567609308494 3,090e-02
1567609308902 3,083e-02
1567609309145 3,090e-02
1567609309507 3,083e-02
1567609310112 3,090e-02
1567609310353 3,083e-02
1567609310474 3,090e-02
1567609310722 3,083e-02
1567609310967 3,090e-02
1567609311089 3,083e-02
1567609311692 3,098e-02
1567609311934 3,090e-02
1567609312662 3,105e-02
1567609312904 3,083e-02
1567609313266 3,090e-02
1567609313507 3,083e-02
1567609313752 3,098e-02
1567609314113 3,090e-02
1567609314475 3,098e-02
1567609314962 3,083e-02
1567609315323 3,090e-02
1567609315572 3,098e-02
1567609315934 3,090e-02
1567609316661 3,083e-02
1567609317263 3,098e-02
1567609317505 3,068e-02
1567609317751 3,098e-02
1567609317873 3,090e-02
1567609318114 3,083e-02
1567609318724 3,090e-02
1567609320171 3,083e-02
1567609320293 3,090e-02
1567609320552 3,098e-02
1567609320674 3,090e-02
1567609321516 3,083e-02
1567609321762 3,090e-02
1567609321887 3,083e-02
1567609322369 3,090e-02
1567609322498 3,083e-02
1567609323344 3,098e-02
1567609323465 3,083e-02
1567609323718 3,090e-02
1567609323959 3,083e-02
1567609324320 3,090e-02
1567609324562 3,098e-02
1567609324683 3,090e-02
1567609324924 3,083e-02
1567609325165 3,090e-02
1567609325287 3,083e-02
1567609325892 3,098e-02
1567609326373 3,090e-02
1567609326494 3,083e-02
1567609326858 3,090e-02
1567609327099 3,098e-02
1567609327709 3,090e-02
1567609328310 3,098e-02
1567609328912 3,090e-02
1567609329153 3,098e-02
1567609329275 3,090e-02
1567609329762 3,105e-02
1567609330123 3,128e-02
1567609330364 3,158e-02
1567609330968 3,195e-02
1567609331572 3,225e-02
1567609331933 3,233e-02
1567609332055 3,240e-02
1567609332297 3,248e-02
1567609332662 3,263e-02
1567609333263 3,270e-02
1567609333752 3,278e-02
1567609334474 3,285e-02
1567609334962 3,278e-02
1567609335084 3,292e-02
1567609335325 3,285e-02
1567609335614 3,292e-02
1567609335751 3,285e-02
1567609335872 3,292e-02
1567609336475 3,300e-02
1567609336722 3,292e-02
1567609337324 3,300e-02
1567609337688 3,308e-02
1567609338170 3,285e-02
1567609338312 3,458e-02
1567609338561 3,690e-02
1567609338695 3,923e-02
1567609338937 4,133e-02
1567609339059 4,350e-02
1567609339301 4,553e-02
1567609339544 4,748e-02
1567609339665 4,912e-02
1567609339906 5,078e-02
1567609340147 5,228e-02
1567609340508 5,595e-02
1567609340752 5,783e-02
1567609340873 5,933e-02
1567609341114 6,135e-02
1567609341356 6,360e-02
1567609341722 7,275e-02
1567609341964 7,950e-02
1567609342086 1,020e-01
1567609342572 3,255e-01
1567609342694 2,325e+00
1567609342935 5,475e+00
1567609343056 1,050e+01
1567609343298 2,025e+01
1567609343662 4,275e+01
1567609343904 5,250e+01
1567609344506 9,750e+01
1567609345107 1,350e+02
1567609345714 1,725e+02
1567609345956 2,025e+02
1567609346318 2,325e+02
1567609346573 2,400e+02
1567609346694 2,625e+02
1567609347056 2,775e+02
1567609347301 2,850e+02
1567609347541 3,000e+02
1567609347906 3,225e+02
1567609348507 2,775e+02
1567609349108 3,000e+02
1567609349470 3,525e+02
1567609349712 3,600e+02
1567609349953 3,900e+02
1567609350075 3,975e+02
1567609350321 4,275e+02
1567609350563 4,350e+02
1567609350684 4,650e+02
1567609350925 5,025e+02
1567609351166 5,250e+02
1567609351772 6,000e+02
1567609352134 6,750e+02
1567609352742 7,500e+02
1567609374513 6,750e+02
1567609374763 7,500e+02
1567609375366 6,750e+02
1567609378863 6,000e+02
1567609381154 5,250e+02
1567609381276 6,000e+02
1567609381519 5,250e+02
1567609383323 5,100e+02
1567609383574 5,025e+02
1567609383695 5,100e+02
1567609384057 5,025e+02
1567609384663 4,875e+02
1567609385663 4,725e+02
1567609385904 4,650e+02
1567609386506 4,500e+02
1567609387093 4,275e+02
1567609387936 4,125e+02
1567609388057 3,975e+02
1567609388898 3,900e+02
1567609389259 3,600e+02
1567609389862 3,525e+02
1567609390463 3,225e+02
1567609390712 3,375e+02
1567609390954 3,225e+02
1567609391317 3,000e+02
1567609392520 2,925e+02
1567609392762 2,850e+02
1567609393364 2,775e+02
1567609394099 2,700e+02
1567609394701 2,625e+02
1567609395302 2,550e+02
1567609395663 2,475e+02
1567609396144 2,400e+02
1567609396748 2,325e+02
1567609397350 2,250e+02
1567609397951 2,175e+02
1567609398553 2,100e+02
1567609398680 2,025e+02
1567609399522 1,875e+02
1567609399763 1,950e+02
1567609400124 1,800e+02
1567609400735 1,725e+02
1567609401457 1,575e+02
1567609402058 1,500e+02
1567609402900 1,425e+02
1567609404361 1,350e+02
1567609405562 1,275e+02
1567609406883 1,200e+02
1567609408088 1,125e+02
1567609409055 1,050e+02
1567609410264 9,750e+01
1567609411733 9,000e+01
1567609412703 8,250e+01
1567609413713 7,500e+01
1567609413954 7,425e+01
1567609414564 7,350e+01
1567609415175 7,200e+01
1567609415296 7,050e+01
1567609415657 6,900e+01
1567609416260 6,675e+01
1567609416863 6,600e+01
1567609417104 6,450e+01
1567609417465 6,300e+01
1567609417713 6,225e+01
1567609417955 6,150e+01
1567609418077 6,075e+01
1567609418563 6,000e+01
1567609418684 5,850e+01
1567609419168 5,775e+01
1567609419289 5,550e+01
1567609419653 5,400e+01
1567609420152 5,325e+01
1567609420513 5,175e+01
1567609421136 5,100e+01
1567609421499 5,025e+01
1567609421863 4,950e+01
1567609422464 4,875e+01
1567609422705 4,800e+01
1567609423306 4,725e+01
1567609423553 4,650e+01
1567609423915 4,575e+01
1567609424516 4,500e+01
1567609424883 4,425e+01
1567609425125 4,350e+01
1567609425366 4,275e+01
1567609425854 4,200e+01
1567609426456 4,050e+01
1567609427057 3,975e+01
1567609427298 3,900e+01
1567609427663 3,825e+01
1567609427908 3,750e+01
1567609428150 3,675e+01
1567609428271 3,600e+01
1567609428874 3,525e+01
1567609429116 3,450e+01
1567609429724 3,375e+01
1567609429965 3,300e+01
1567609430571 3,150e+01
1567609430697 3,075e+01
1567609431058 3,000e+01
1567609431674 2,925e+01
1567609432684 2,850e+01
1567609433554 2,775e+01
1567609434178 2,700e+01
1567609434968 2,625e+01
1567609435699 2,550e+01
1567609436551 2,475e+01
1567609437290 2,400e+01
1567609438133 2,325e+01
1567609438854 2,250e+01
1567609439456 2,175e+01
1567609440063 2,100e+01
1567609440676 2,025e+01
1567609441520 1,950e+01
1567609441908 1,875e+01
1567609442653 1,800e+01
1567609443254 1,725e+01
1567609443863 1,650e+01
1567609444472 1,575e+01
1567609444955 1,500e+01
1567609446166 1,425e+01
1567609447874 1,350e+01
1567609449686 1,275e+01
1567609451254 1,200e+01
1567609452964 1,125e+01
1567609454574 1,050e+01
1567609455904 9,750e+00
1567609457532 9,000e+00
1567609458509 8,250e+00
1567609459754 7,500e+00
1567609460769 7,425e+00
1567609460930 7,350e+00
1567609461321 7,275e+00
1567609461573 7,200e+00
1567609461942 7,125e+00
1567609462304 7,050e+00
1567609462553 6,975e+00
1567609462923 6,900e+00
1567609463164 6,825e+00
1567609463653 6,675e+00
1567609464255 6,525e+00
1567609464744 6,450e+00
1567609465106 6,375e+00
1567609465347 6,300e+00
1567609465468 6,225e+00
1567609465954 6,150e+00
1567609466315 6,075e+00
1567609466555 6,000e+00
1567609466916 5,850e+00
1567609467277 5,775e+00
1567609467518 5,700e+00
1567609467932 5,625e+00
1567609468053 5,550e+00
1567609468550 5,475e+00
1567609468671 5,400e+00
1567609468912 5,325e+00
1567609469282 5,250e+00
1567609469764 5,175e+00
1567609470133 5,100e+00
1567609470765 5,025e+00
1567609471269 4,950e+00
1567609471890 4,875e+00
1567609472498 4,800e+00
1567609472864 4,725e+00
1567609473491 4,650e+00
1567609474095 4,575e+00
1567609474705 4,500e+00
1567609475308 4,425e+00
1567609475696 4,350e+00
1567609476058 4,275e+00
1567609476915 4,200e+00
1567609477157 4,125e+00
1567609477767 4,050e+00
1567609478256 3,975e+00
1567609478748 3,900e+00
1567609479358 3,825e+00
1567609479749 3,750e+00
1567609480110 3,675e+00
1567609480761 3,600e+00
1567609481122 3,525e+00
1567609481965 3,450e+00
1567609482088 3,375e+00
1567609482700 3,300e+00
1567609483063 3,225e+00
1567609484064 3,075e+00
1567609484559 3,000e+00
1567609485554 2,925e+00
1567609486764 2,850e+00
1567609487894 2,775e+00
1567609489161 2,700e+00
1567609490594 2,625e+00
1567609491568 2,550e+00
1567609492654 2,475e+00
1567609494104 2,400e+00
1567609495102 2,325e+00
1567609496322 2,250e+00
1567609497923 2,175e+00
1567609498661 2,100e+00
1567609500185 2,025e+00
1567609501156 1,950e+00
1567609502366 1,875e+00
1567609503735 1,800e+00
1567609504713 1,725e+00
1567609505942 1,650e+00
1567609507167 1,575e+00
1567609508256 1,500e+00
1567609509106 1,493e+00
1567609509475 1,485e+00
1567609509966 1,478e+00
1567609510087 1,470e+00
1567609510328 1,463e+00
1567609510695 1,455e+00
1567609511067 1,448e+00
1567609511314 1,440e+00
1567609511684 1,432e+00
1567609512165 1,425e+00
1567609512287 1,418e+00
1567609512528 1,410e+00
1567609512894 1,403e+00
1567609513255 1,395e+00
1567609513496 1,388e+00
1567609514104 1,373e+00
1567609514485 1,365e+00
1567609514735 1,358e+00
1567609515096 1,350e+00
1567609515457 1,343e+00
1567609515705 1,335e+00
1567609516317 1,320e+00
1567609516685 1,313e+00
1567609516926 1,305e+00
1567609517306 1,297e+00
1567609517554 1,290e+00
1567609517915 1,283e+00
1567609518279 1,275e+00
1567609518538 1,268e+00
1567609518926 1,260e+00
1567609519323 1,253e+00
1567609519573 1,245e+00
1567609520056 1,237e+00
1567609520322 1,230e+00
1567609520565 1,223e+00
1567609520934 1,215e+00
1567609521295 1,208e+00
1567609521920 1,193e+00
1567609522521 1,185e+00
1567609522768 1,178e+00
1567609522889 1,170e+00
1567609523370 1,163e+00
1567609523492 1,155e+00
1567609523857 1,148e+00
1567609524339 1,140e+00
1567609524705 1,133e+00
1567609524946 1,125e+00
1567609525314 1,118e+00
1567609525689 1,110e+00
1567609525931 1,103e+00
1567609526294 1,095e+00
1567609526655 1,088e+00
1567609527260 1,073e+00
1567609527502 1,065e+00
1567609528114 1,057e+00
1567609528482 1,050e+00
1567609528737 1,043e+00
1567609529144 1,035e+00
1567609529505 1,028e+00
1567609529755 1,020e+00
1567609530119 1,013e+00
1567609530481 1,005e+00
1567609530967 9,975e-01
1567609531328 9,900e-01
1567609531454 9,825e-01
1567609531946 9,750e-01
1567609532307 9,675e-01
1567609533164 9,525e-01
1567609533654 9,450e-01
1567609533896 9,375e-01
1567609534137 9,300e-01
1567609534500 9,225e-01
1567609535104 9,150e-01
1567609535345 9,075e-01
1567609535714 9,000e-01
1567609535955 8,925e-01
1567609536320 8,850e-01
1567609536695 8,775e-01
1567609537056 8,700e-01
1567609537544 8,625e-01
1567609537922 8,550e-01
1567609538284 8,475e-01
1567609538655 8,400e-01
1567609539256 8,325e-01
1567609539497 8,250e-01
1567609539887 8,175e-01
1567609540128 8,100e-01
1567609540735 8,025e-01
1567609540857 7,950e-01
1567609541341 7,875e-01
1567609541946 7,800e-01
1567609542308 7,725e-01
1567609542555 7,650e-01
1567609542918 7,575e-01
1567609543300 7,500e-01
1567609543544 7,485e-01
1567609543910 7,448e-01
1567609544151 7,425e-01
1567609544301 7,403e-01
1567609545166 7,320e-01
1567609545288 7,298e-01
1567609545544 7,268e-01
1567609545918 7,230e-01
1567609546160 7,215e-01
1567609546281 7,185e-01
1567609546765 7,140e-01
1567609546886 7,125e-01
1567609547127 7,103e-01
1567609547306 7,088e-01
1567609547554 7,058e-01
1567609547675 7,035e-01
1567609547916 7,020e-01
1567609548157 6,998e-01
1567609548279 6,975e-01
1567609548520 6,960e-01
1567609548676 6,938e-01
1567609548924 6,915e-01
1567609549165 6,893e-01
1567609549286 6,878e-01
1567609549534 6,855e-01
1567609549655 6,833e-01
1567609549897 6,810e-01
1567609550143 6,788e-01
1567609550505 6,750e-01
1567609550755 6,728e-01
1567609551255 6,668e-01
1567609551496 6,653e-01
1567609551745 6,630e-01
1567609552106 6,585e-01
1567609552347 6,570e-01
1567609552468 6,548e-01
1567609552715 6,518e-01
1567609552956 6,503e-01
1567609553317 6,465e-01
1567609553565 6,443e-01
1567609553687 6,428e-01
1567609553928 6,405e-01
1567609554170 6,383e-01
1567609554292 6,368e-01
1567609554656 6,315e-01
1567609554898 6,308e-01
1567609555259 6,270e-01
1567609555500 6,248e-01
1567609555776 6,225e-01
1567609555897 6,203e-01
1567609556258 6,173e-01
1567609556499 6,143e-01
1567609557122 6,090e-01
1567609557363 6,075e-01
1567609557967 6,008e-01
1567609558089 6,000e-01
1567609558339 5,978e-01
1567609558461 5,955e-01
1567609558705 5,940e-01
1567609558951 5,918e-01
1567609559072 5,903e-01
1567609559313 5,880e-01
1567609559555 5,865e-01
1567609560166 5,805e-01
1567609560291 5,783e-01
1567609560534 5,768e-01
1567609560657 5,745e-01
1567609560898 5,730e-01
1567609561161 5,708e-01
1567609561287 5,693e-01
1567609561534 5,678e-01
1567609561655 5,655e-01
1567609561896 5,633e-01
1567609562270 5,603e-01
1567609562511 5,580e-01
1567609562755 5,565e-01
1567609563117 5,528e-01
1567609563358 5,512e-01
1567609563488 5,498e-01
1567609563737 5,460e-01
1567609563860 5,445e-01
1567609564101 5,430e-01
1567609564342 5,423e-01
1567609564755 5,385e-01
1567609565116 5,340e-01
1567609565357 5,325e-01
1567609565487 5,303e-01
1567609565729 5,295e-01
1567609565970 5,273e-01
1567609566092 5,258e-01
1567609566453 5,228e-01
1567609566713 5,220e-01
1567609567317 5,175e-01
1567609567685 5,153e-01
1567609567927 5,145e-01
1567609568052 5,130e-01
1567609568300 5,123e-01
1567609568905 5,085e-01
1567609569146 5,078e-01
1567609569283 5,070e-01
1567609569769 5,040e-01
1567609569903 5,033e-01
1567609570505 4,995e-01
1567609570755 4,973e-01
1567609571117 4,958e-01
1567609571360 4,950e-01
1567609571728 4,935e-01
1567609571970 4,912e-01
1567609572092 4,905e-01
1567609572457 4,883e-01
1567609572706 4,875e-01
1567609572960 4,860e-01
1567609573082 4,853e-01
1567609573494 4,830e-01
1567609573857 4,808e-01
1567609574104 4,800e-01
1567609574346 4,785e-01
1567609574712 4,755e-01
1567609575073 4,740e-01
1567609575314 4,733e-01
1567609575712 4,710e-01
1567609575953 4,695e-01
1567609576074 4,688e-01
1567609576315 4,673e-01
1567609576566 4,658e-01
1567609577028 4,643e-01
1567609577150 4,628e-01
1567609577272 4,620e-01
1567609577513 4,605e-01
1567609578128 4,575e-01
1567609578369 4,568e-01
1567609578525 4,553e-01
1567609578766 4,545e-01
1567609578887 4,538e-01
1567609579128 4,530e-01
1567609579370 4,515e-01
1567609579496 4,508e-01
1567609579881 4,485e-01
1567609580363 4,463e-01
1567609580484 4,455e-01
1567609580967 4,433e-01
1567609581088 4,418e-01
1567609581338 4,410e-01
1567609581462 4,403e-01
1567609581705 4,388e-01
1567609581949 4,380e-01
1567609582070 4,373e-01
1567609582333 4,358e-01
1567609582454 4,343e-01
1567609583055 4,320e-01
1567609583296 4,313e-01
1567609583905 4,275e-01
1567609584146 4,268e-01
1567609584270 4,260e-01
1567609584511 4,252e-01
1567609584755 4,238e-01
1567609585116 4,215e-01
1567609585358 4,208e-01
1567609585965 4,178e-01
1567609586086 4,163e-01
1567609586327 4,155e-01
1567609586576 4,148e-01
1567609586697 4,140e-01
1567609586946 4,125e-01
1567609587067 4,118e-01
1567609587308 4,110e-01
1567609587557 4,095e-01
1567609587678 4,088e-01
1567609587919 4,080e-01
1567609588160 4,073e-01
1567609588281 4,058e-01
1567609588522 4,050e-01
1567609588765 4,035e-01
1567609588886 4,028e-01
1567609589127 4,020e-01
1567609589368 4,012e-01
1567609589489 4,005e-01
1567609589735 3,990e-01
1567609589857 3,983e-01
1567609590103 3,975e-01
1567609590345 3,960e-01
1567609590706 3,945e-01
1567609590948 3,938e-01
1567609591069 3,923e-01
1567609591310 3,915e-01
1567609591556 3,908e-01
1567609591677 3,900e-01
1567609591919 3,885e-01
1567609592160 3,878e-01
1567609592281 3,863e-01
1567609592763 3,855e-01
1567609592884 3,840e-01
1567609593365 3,825e-01
1567609593486 3,803e-01
1567609593856 3,795e-01
1567609594097 3,780e-01
1567609594459 3,765e-01
1567609594706 3,750e-01
1567609595068 3,735e-01
1567609595558 3,720e-01
1567609595919 3,705e-01
1567609596168 3,690e-01
1567609596535 3,675e-01
1567609596656 3,667e-01
1567609596897 3,660e-01
1567609597259 3,638e-01
1567609597511 3,630e-01
1567609597756 3,623e-01
1567609598117 3,608e-01
1567609598358 3,593e-01
1567609598966 3,570e-01
1567609599087 3,555e-01
1567609599329 3,548e-01
1567609599576 3,540e-01
1567609599697 3,533e-01
1567609600058 3,518e-01
1567609600299 3,503e-01
1567609600545 3,495e-01
1567609600906 3,480e-01
1567609601147 3,473e-01
1567609601268 3,465e-01
1567609601509 3,458e-01
1567609601756 3,435e-01
1567609601877 3,428e-01
1567609602359 3,420e-01
1567609602480 3,405e-01
1567609602726 3,398e-01
1567609602967 3,390e-01
1567609603088 3,383e-01
1567609603329 3,368e-01
1567609603696 3,353e-01
1567609603938 3,345e-01
1567609604059 3,338e-01
1567609604300 3,330e-01
1567609604544 3,315e-01
1567609604905 3,300e-01
1567609605147 3,293e-01
1567609605268 3,278e-01
1567609605509 3,270e-01
1567609605755 3,263e-01
1567609606116 3,240e-01
1567609606358 3,225e-01
1567609606479 3,218e-01
1567609606965 3,195e-01
1567609607086 3,188e-01
1567609607327 3,173e-01
1567609607575 3,165e-01
1567609607696 3,158e-01
1567609607937 3,143e-01
1567609608058 3,135e-01
1567609608300 3,128e-01
1567609608547 3,113e-01
1567609608669 3,105e-01
1567609608912 3,090e-01
1567609609153 3,083e-01
1567609609515 3,060e-01
1567609609758 3,045e-01
1567609610119 3,030e-01
1567609610361 3,008e-01
1567609610966 2,985e-01
1567609611087 2,978e-01
1567609611328 2,970e-01
1567609611576 2,963e-01
1567609611697 2,955e-01
1567609612058 2,940e-01
1567609612299 2,933e-01
1567609612906 2,910e-01
1567609613147 2,903e-01
1567609613268 2,895e-01
1567609613509 2,888e-01
1567609613756 2,880e-01
1567609614117 2,865e-01
1567609614359 2,858e-01
1567609614726 2,835e-01
1567609614967 2,828e-01
1567609615088 2,820e-01
1567609615329 2,813e-01
1567609615576 2,805e-01
1567609615697 2,798e-01
1567609615938 2,790e-01
1567609616059 2,775e-01
1567609616300 2,768e-01
1567609616667 2,745e-01
1567609616908 2,738e-01
1567609617149 2,723e-01
1567609617271 2,715e-01
1567609617521 2,700e-01
1567609617766 2,685e-01
1567609617887 2,678e-01
1567609618128 2,663e-01
1567609618392 2,655e-01
1567609618513 2,640e-01
1567609618778 2,625e-01
1567609618899 2,610e-01
1567609619147 2,595e-01
1567609619274 2,580e-01
1567609619517 2,573e-01
1567609619766 2,558e-01
1567609619887 2,543e-01
1567609620256 2,505e-01
1567609620497 2,490e-01
1567609620746 2,475e-01
1567609620867 2,460e-01
1567609621118 2,445e-01
1567609621359 2,430e-01
1567609621480 2,408e-01
1567609621726 2,393e-01
1567609621853 2,370e-01
1567609622097 2,355e-01
1567609622459 2,318e-01
1567609622709 2,302e-01
1567609622951 2,280e-01
1567609623327 2,243e-01
1567609623584 2,220e-01
1567609623705 2,190e-01
1567609623872 2,175e-01
1567609624113 2,153e-01
1567609624361 2,130e-01
1567609624482 2,108e-01
1567609624744 2,085e-01
1567609624866 2,063e-01
1567609625107 2,040e-01
1567609625348 2,010e-01
1567609625471 1,987e-01
1567609625716 1,965e-01
1567609625957 1,943e-01
1567609626603 1,860e-01
1567609626724 1,838e-01
1567609626965 1,808e-01
1567609627086 1,778e-01
1567609627335 1,748e-01
1567609627457 1,718e-01
1567609627729 1,688e-01
1567609627985 1,658e-01
1567609628106 1,628e-01
1567609628384 1,598e-01
1567609628505 1,568e-01
1567609628816 1,538e-01
1567609628938 1,508e-01
1567609629059 1,478e-01
1567609629313 1,455e-01
1567609629759 1,418e-01
1567609629880 1,388e-01
1567609630133 1,365e-01
1567609630254 1,343e-01
1567609630495 1,320e-01
1567609630737 1,298e-01
1567609630874 1,268e-01
1567609631130 1,245e-01
1567609631251 1,215e-01
1567609631525 1,193e-01
1567609631766 1,163e-01
1567609631900 1,133e-01
1567609632141 1,110e-01
1567609632505 1,050e-01
1567609632726 1,020e-01
1567609632967 9,900e-02
1567609633090 9,600e-02
1567609633453 9,000e-02
1567609633698 8,700e-02
1567609633947 8,325e-02
1567609634070 8,025e-02
1567609634326 7,650e-02
1567609634576 7,410e-02
1567609634710 7,163e-02
1567609634965 6,900e-02
1567609635087 6,645e-02
1567609635338 6,375e-02
1567609635459 6,113e-02
1567609635718 5,850e-02
1567609635970 5,550e-02
1567609636092 5,288e-02
1567609636482 4,815e-02
1567609636742 4,583e-02
1567609637103 4,117e-02
1567609637344 3,870e-02
1567609637716 3,383e-02
1567609637957 3,173e-02
1567609638318 2,760e-02
1567609638563 2,588e-02
1567609638684 2,408e-02
1567609639165 2,040e-02
1567609639286 1,868e-02
1567609639535 1,703e-02
1567609639656 1,523e-02
1567609639899 1,418e-02
1567609640260 1,185e-02
1567609640501 1,088e-02
1567609640746 9,825e-03
1567609640867 9,075e-03
1567609641108 8,250e-03
1567609641349 7,575e-03
1567609641470 6,900e-03
1567609641716 6,450e-03
1567609641957 5,925e-03
1567609642318 5,100e-03
1567609642566 4,800e-03
1567609642687 4,575e-03
1567609642929 4,275e-03
1567609643050 4,050e-03
1567609643291 3,825e-03
1567609643656 3,450e-03
1567609643897 3,225e-03
1567609644139 3,075e-03
1567609644260 3,000e-03
1567609644501 2,925e-03
1567609644747 2,775e-03
1567609644870 2,625e-03
1567609645119 2,550e-03
1567609645360 2,475e-03
1567609645482 2,400e-03
1567609645727 2,325e-03
1567609645968 2,250e-03
1567609646089 2,175e-03
1567609646330 2,100e-03
1567609646698 1,950e-03
1567609647060 1,875e-03
1567609647302 1,800e-03
1567609647546 1,875e-03
1567609647667 1,800e-03
1567609647922 1,725e-03
1567609648163 1,650e-03
1567609648284 1,575e-03
1567609648903 1,650e-03
1567609649144 1,500e-03
1567609649867 1,425e-03
1567609650348 1,350e-03
1567609650717 1,275e-03
1567609650958 1,350e-03
1567609651320 1,200e-03
1567609651687 1,275e-03
1567609651928 1,200e-03
1567609652169 1,125e-03
1567609652530 1,200e-03
1567609652654 1,125e-03
1567609652895 1,200e-03
1567609653258 1,125e-03
1567609653746 1,050e-03
1567609653867 9,750e-04
1567609654108 1,050e-03
1567609654349 1,350e-03
1567609654470 1,275e-03
1567609656928 1,200e-03
1567609659126 1,125e-03
1567609660693 1,050e-03
1567609662148 9,750e-04
1567609663470 9,000e-04
1567609664911 8,250e-04
1567609666112 7,500e-04
1567609666713 7,425e-04
1567609666954 7,350e-04
1567609667316 7,275e-04
1567609667557 7,200e-04
1567609667918 7,050e-04
1567609668050 6,975e-04
1567609668657 6,825e-04
1567609668907 6,750e-04
1567609669268 6,675e-04
1567609669510 6,600e-04
1567609669752 6,525e-04
1567609670114 6,375e-04
1567609670476 6,300e-04
1567609670718 6,225e-04
1567609670959 6,150e-04
1567609671320 6,000e-04
1567609671922 5,850e-04
1567609672163 5,775e-04
1567609672764 5,625e-04
1567609672885 5,550e-04
1567609673126 5,475e-04
1567609673367 5,400e-04
1567609673728 5,325e-04
1567609673969 5,250e-04
1567609674330 5,175e-04
1567609674697 5,100e-04
1567609675058 5,025e-04
1567609675539 4,950e-04
1567609675900 4,875e-04
1567609676502 4,800e-04
1567609676869 4,725e-04
1567609677503 4,650e-04
1567609677656 4,575e-04
1567609678257 4,500e-04
1567609678740 4,425e-04
1567609679101 4,350e-04
1567609679727 4,275e-04
1567609680088 4,200e-04
1567609680585 4,125e-04
1567609680968 4,050e-04
1567609681349 3,975e-04
1567609681717 3,900e-04
1567609682318 3,825e-04
1567609682687 3,750e-04
1567609683068 3,675e-04
1567609683457 3,600e-04
1567609684110 3,525e-04
1567609684471 3,450e-04
1567609684756 3,375e-04
1567609685117 3,300e-04
1567609685358 3,225e-04
1567609685727 3,150e-04
1567609686088 3,075e-04
1567609686329 3,000e-04
1567609686697 2,925e-04
1567609687556 2,850e-04
1567609688158 2,775e-04
1567609688767 2,700e-04
1567609689488 2,625e-04
1567609690111 2,550e-04
1567609690717 2,475e-04
1567609691318 2,400e-04
1567609692167 2,325e-04
1567609692768 2,250e-04
1567609693250 2,175e-04
1567609694097 2,100e-04
1567609694707 2,025e-04
1567609698912 0,000e+00
1567613607249 0,000e+00
1567613637229 0,000e+00
1567613670115 0,000e+00
1567613741457 0,000e+00
1567617041074 0,000e+00
1567617182796 0,000e+00
1567617200986 0,000e+00
