time  digitalPinsStatus analogPinsStatus
1572015325813 digital: 0 0 0 0 0 0 0 0 0 0 0 0 0 0  analog: 0.0 0.0 0.0 0.0 0.0 0.0 0.0 0.0 0.0 0.0 0.0 0.0 0.0 0.0 
time  digitalPinsStatus analogPinsStatus
1572015434890 digital: 0 0 0 0 0 0 0 0 0 0 0 0 0 0  analog: 0.0 0.0 0.0 0.0 0.0 0.0 0.0 0.0 0.0 0.0 0.0 0.0 0.0 0.0 
time  digitalPinsStatus analogPinsStatus
1572015471601 digital: 0 0 0 0 0 0 0 0 0 0 0 0 0 0  analog: 0.0 0.0 0.0 0.0 0.0 0.0 0.0 0.0 0.0 0.0 0.0 0.0 0.0 0.0 
time  digitalPinsStatus analogPinsStatus
1572016466978 digital: 0 0 0 0 0 0 0 0 0 0 0 0 0 0  analog: 0.0 0.0 0.0 0.0 0.0 0.0 0.0 0.0 0.0 0.0 0.0 0.0 0.0 0.0 
time  digitalPinsStatus analogPinsStatus
1572016515031 digital: 0 0 0 0 0 0 0 0 0 0 0 0 0 0  analog: 0.0 0.0 0.0 0.0 0.0 0.0 0.0 0.0 0.0 0.0 0.0 0.0 0.0 0.0 
time  digitalPinsStatus analogPinsStatus
1572016695987 digital: 0 0 0 0 0 0 0 0 0 0 0 0 0 0  analog: 0.0 0.0 0.0 0.0 0.0 0.0 0.0 0.0 0.0 0.0 0.0 0.0 0.0 0.0 
time  digitalPinsStatus analogPinsStatus
1572016744003 digital: 0 0 0 0 0 0 0 0 0 0 0 0 0 0  analog: 0.0 0.0 0.0 0.0 0.0 0.0 0.0 0.0 0.0 0.0 0.0 0.0 0.0 0.0 
time  digitalPinsStatus analogPinsStatus
1572016802465 digital: 0 0 0 0 0 0 0 0 0 0 0 0 0 0  analog: 0.0 0.0 0.0 0.0 0.0 0.0 0.0 0.0 0.0 0.0 0.0 0.0 0.0 0.0 
time  digitalPinsStatus analogPinsStatus
1572017228038 digital: 0 0 0 0 0 0 0 0 0 0 0 0 0 0  analog: 0.0 0.0 0.0 0.0 0.0 0.0 0.0 0.0 0.0 0.0 0.0 0.0 0.0 0.0 
time  digitalPinsStatus analogPinsStatus
1572017250932 digital: 0 0 0 0 0 0 0 0 0 0 0 0 0 0  analog: 0.0 0.0 0.0 0.0 0.0 0.0 0.0 0.0 0.0 0.0 0.0 0.0 0.0 0.0 
time  digitalPinsStatus analogPinsStatus
1572017365670 digital: 0 0 0 0 0 0 0 0 0 0 0 0 0 0  analog: 0.0 0.0 0.0 0.0 0.0 0.0 0.0 0.0 0.0 0.0 0.0 0.0 0.0 0.0 
time  digitalPinsStatus analogPinsStatus
1572017449835 digital: 0 0 0 0 0 0 0 0 0 0 0 0 0 0  analog: 0.0 0.0 0.0 0.0 0.0 0.0 0.0 0.0 0.0 0.0 0.0 0.0 0.0 0.0 
time  digitalPinsStatus analogPinsStatus
1572017489588 digital: 0 0 0 0 0 0 0 0 0 0 0 0 0 0  analog: 0.0 0.0 0.0 0.0 0.0 0.0 0.0 0.0 0.0 0.0 0.0 0.0 0.0 0.0 
time  digitalPinsStatus analogPinsStatus
1572019886700 digital: 0 0 0 0 0 0 0 0 0 0 0 0 0 0  analog: 0.0 0.0 0.0 0.0 0.0 0.0 0.0 0.0 0.0 0.0 0.0 0.0 0.0 0.0 
time  digitalPinsStatus analogPinsStatus
1572020017290 digital: 0 0 0 0 0 0 0 0 0 0 0 0 0 0  analog: 0.0 0.0 0.0 0.0 0.0 0.0 0.0 0.0 0.0 0.0 0.0 0.0 0.0 0.0 
time  digitalPinsStatus analogPinsStatus
1572020418515 digital: 0 0 0 0 0 0 0 0 0 0 0 0 0 0  analog: 0.0 0.0 0.0 0.0 0.0 0.0 0.0 0.0 0.0 0.0 0.0 0.0 0.0 0.0 
time  digitalPinsStatus analogPinsStatus
1572020496078 digital: 0 0 0 0 0 0 0 0 0 0 0 0 0 0  analog: 0.0 0.0 0.0 0.0 0.0 0.0 0.0 0.0 0.0 0.0 0.0 0.0 0.0 0.0 
time  digitalPinsStatus analogPinsStatus
1572020561013 digital: 0 0 0 0 0 0 0 0 0 0 0 0 0 0  analog: 0.0 0.0 0.0 0.0 0.0 0.0 0.0 0.0 0.0 0.0 0.0 0.0 0.0 0.0 
time  digitalPinsStatus analogPinsStatus
1572020611813 digital: 0 0 0 0 0 0 0 0 0 0 0 0 0 0  analog: 0.0 0.0 0.0 0.0 0.0 0.0 0.0 0.0 0.0 0.0 0.0 0.0 0.0 0.0 
time  digitalPinsStatus analogPinsStatus
1572020653417 digital: 0 0 0 0 0 0 0 0 0 0 0 0 0 0  analog: 0.0 0.0 0.0 0.0 0.0 0.0 0.0 0.0 0.0 0.0 0.0 0.0 0.0 0.0 
time  digitalPinsStatus analogPinsStatus
1572020679066 digital: 0 0 0 0 0 0 0 0 0 0 0 0 0 0  analog: 0.0 0.0 0.0 0.0 0.0 0.0 0.0 0.0 0.0 0.0 0.0 0.0 0.0 0.0 
time  digitalPinsStatus analogPinsStatus
1572020693453 digital: 0 0 0 0 0 0 0 0 0 0 0 0 0 0  analog: 0.0 0.0 0.0 0.0 0.0 0.0 0.0 0.0 0.0 0.0 0.0 0.0 0.0 0.0 
time  digitalPinsStatus analogPinsStatus
1572020745144 digital: 0 0 0 0 0 0 0 0 0 0 0 0 0 0  analog: 0.0 0.0 0.0 0.0 0.0 0.0 0.0 0.0 0.0 0.0 0.0 0.0 0.0 0.0 
time  digitalPinsStatus analogPinsStatus
1572020755402 digital: 0 0 0 0 0 0 0 0 0 0 0 0 0 0  analog: 0.0 0.0 0.0 0.0 0.0 0.0 0.0 0.0 0.0 0.0 0.0 0.0 0.0 0.0 
time  digitalPinsStatus analogPinsStatus
1572020775604 digital: 0 0 0 0 0 0 0 0 0 0 0 0 0 0  analog: 0.0 0.0 0.0 0.0 0.0 0.0 0.0 0.0 0.0 0.0 0.0 0.0 0.0 0.0 
time  digitalPinsStatus analogPinsStatus
1572021161654 digital: 0 0 0 0 0 0 0 0 0 0 0 0 0 0  analog: 0.0 0.0 0.0 0.0 0.0 0.0 0.0 0.0 0.0 0.0 0.0 0.0 0.0 0.0 
time  digitalPinsStatus analogPinsStatus
1572021217450 digital: 0 0 0 0 0 0 0 0 0 0 0 0 0 0  analog: 0.0 0.0 0.0 0.0 0.0 0.0 0.0 0.0 0.0 0.0 0.0 0.0 0.0 0.0 
time  digitalPinsStatus analogPinsStatus
1572021323012 digital: 0 0 0 0 0 0 0 0 0 0 0 0 0 0  analog: 0.0 0.0 0.0 0.0 0.0 0.0 0.0 0.0 0.0 0.0 0.0 0.0 0.0 0.0 
time  digitalPinsStatus analogPinsStatus
1572021442678 digital: 0 0 0 0 0 0 0 0 0 0 0 0 0 0  analog: 0.0 0.0 0.0 0.0 0.0 0.0 0.0 0.0 0.0 0.0 0.0 0.0 0.0 0.0 
time  digitalPinsStatus analogPinsStatus
1572021497291 digital: 0 0 0 0 0 0 0 0 0 0 0 0 0 0  analog: 0.0 0.0 0.0 0.0 0.0 0.0 0.0 0.0 0.0 0.0 0.0 0.0 0.0 0.0 
time  digitalPinsStatus analogPinsStatus
1572021553165 digital: 0 0 0 0 0 0 0 0 0 0 0 0 0 0  analog: 0.0 0.0 0.0 0.0 0.0 0.0 0.0 0.0 0.0 0.0 0.0 0.0 0.0 0.0 
time  digitalPinsStatus analogPinsStatus
1572021637635 digital: 0 0 0 0 0 0 0 0 0 0 0 0 0 0  analog: 0.0 0.0 0.0 0.0 0.0 0.0 0.0 0.0 0.0 0.0 0.0 0.0 0.0 0.0 
time  digitalPinsStatus analogPinsStatus
1572022084471 digital: 0 0 0 0 0 0 0 0 0 0 0 0 0 0  analog: 0.0 0.0 0.0 0.0 0.0 0.0 0.0 0.0 0.0 0.0 0.0 0.0 0.0 0.0 
time  digitalPinsStatus analogPinsStatus
1572022349987 digital: 0 0 0 0 0 0 0 0 0 0 0 0 0 0  analog: 0.0 0.0 0.0 0.0 0.0 0.0 0.0 0.0 0.0 0.0 0.0 0.0 0.0 0.0 
time  digitalPinsStatus analogPinsStatus
1572022462754 digital: 0 0 0 0 0 0 0 0 0 0 0 0 0 0  analog: 0.0 0.0 0.0 0.0 0.0 0.0 0.0 0.0 0.0 0.0 0.0 0.0 0.0 0.0 
time  digitalPinsStatus analogPinsStatus
1572022584695 digital: 0 0 0 0 0 0 0 0 0 0 0 0 0 0  analog: 0.0 0.0 0.0 0.0 0.0 0.0 0.0 0.0 0.0 0.0 0.0 0.0 0.0 0.0 
time  digitalPinsStatus analogPinsStatus
1572023760078 digital: 0 0 0 0 0 0 0 0 0 0 0 0 0 0  analog: 0.0 0.0 0.0 0.0 0.0 0.0 0.0 0.0 0.0 0.0 0.0 0.0 0.0 0.0 
time  digitalPinsStatus analogPinsStatus
1572023862109 digital: 0 0 0 0 0 0 0 0 0 0 0 0 0 0  analog: 0.0 0.0 0.0 0.0 0.0 0.0 0.0 0.0 0.0 0.0 0.0 0.0 0.0 0.0 
time  digitalPinsStatus analogPinsStatus
1572023899683 digital: 0 0 0 0 0 0 0 0 0 0 0 0 0 0  analog: 0.0 0.0 0.0 0.0 0.0 0.0 0.0 0.0 0.0 0.0 0.0 0.0 0.0 0.0 
time  digitalPinsStatus analogPinsStatus
1572024033520 digital: 0 0 0 0 0 0 0 0 0 0 0 0 0 0  analog: 0.0 0.0 0.0 0.0 0.0 0.0 0.0 0.0 0.0 0.0 0.0 0.0 0.0 0.0 
time  digitalPinsStatus analogPinsStatus
1572024152433 digital: 0 0 0 0 0 0 0 0 0 0 0 0 0 0  analog: 0.0 0.0 0.0 0.0 0.0 0.0 0.0 0.0 0.0 0.0 0.0 0.0 0.0 0.0 
time  digitalPinsStatus analogPinsStatus
1572024496950 digital: 0 0 0 0 0 0 0 0 0 0 0 0 0 0  analog: 0.0 0.0 0.0 0.0 0.0 0.0 0.0 0.0 0.0 0.0 0.0 0.0 0.0 0.0 
time  digitalPinsStatus analogPinsStatus
1572024522784 digital: 0 0 0 0 0 0 0 0 0 0 0 0 0 0  analog: 0.0 0.0 0.0 0.0 0.0 0.0 0.0 0.0 0.0 0.0 0.0 0.0 0.0 0.0 
time  digitalPinsStatus analogPinsStatus
1572024708455 digital: 0 0 0 0 0 0 0 0 0 0 0 0 0 0  analog: 0.0 0.0 0.0 0.0 0.0 0.0 0.0 0.0 0.0 0.0 0.0 0.0 0.0 0.0 
time  digitalPinsStatus analogPinsStatus
1572024847086 digital: 0 0 0 0 0 0 0 0 0 0 0 0 0 0  analog: 0.0 0.0 0.0 0.0 0.0 0.0 0.0 0.0 0.0 0.0 0.0 0.0 0.0 0.0 
time  digitalPinsStatus analogPinsStatus
1572024930908 digital: 0 0 0 0 0 0 0 0 0 0 0 0 0 0  analog: 0.0 0.0 0.0 0.0 0.0 0.0 0.0 0.0 0.0 0.0 0.0 0.0 0.0 0.0 
time  digitalPinsStatus analogPinsStatus
1572024961563 digital: 0 0 0 0 0 0 0 0 0 0 0 0 0 0  analog: 0.0 0.0 0.0 0.0 0.0 0.0 0.0 0.0 0.0 0.0 0.0 0.0 0.0 0.0 
time  digitalPinsStatus analogPinsStatus
1572025023576 digital: 0 0 0 0 0 0 0 0 0 0 0 0 0 0  analog: 0.0 0.0 0.0 0.0 0.0 0.0 0.0 0.0 0.0 0.0 0.0 0.0 0.0 0.0 
time  digitalPinsStatus analogPinsStatus
1572025035457 digital: 0 0 0 0 0 0 0 0 0 0 0 0 0 0  analog: 0.0 0.0 0.0 0.0 0.0 0.0 0.0 0.0 0.0 0.0 0.0 0.0 0.0 0.0 
time  digitalPinsStatus analogPinsStatus
1572025118537 digital: 0 0 0 0 0 0 0 0 0 0 0 0 0 0  analog: 0.0 0.0 0.0 0.0 0.0 0.0 0.0 0.0 0.0 0.0 0.0 0.0 0.0 0.0 
time  digitalPinsStatus analogPinsStatus
1572025136975 digital: 0 0 0 0 0 0 0 0 0 0 0 0 0 0  analog: 0.0 0.0 0.0 0.0 0.0 0.0 0.0 0.0 0.0 0.0 0.0 0.0 0.0 0.0 
time  digitalPinsStatus analogPinsStatus
1572025163519 digital: 0 0 0 0 0 0 0 0 0 0 0 0 0 0  analog: 0.0 0.0 0.0 0.0 0.0 0.0 0.0 0.0 0.0 0.0 0.0 0.0 0.0 0.0 
time  digitalPinsStatus analogPinsStatus
1572025291652 digital: 0 0 0 0 0 0 0 0 0 0 0 0 0 0  analog: 0.0 0.0 0.0 0.0 0.0 0.0 0.0 0.0 0.0 0.0 0.0 0.0 0.0 0.0 
time  digitalPinsStatus analogPinsStatus
1572025345804 digital: 0 0 0 0 0 0 0 0 0 0 0 0 0 0  analog: 0.0 0.0 0.0 0.0 0.0 0.0 0.0 0.0 0.0 0.0 0.0 0.0 0.0 0.0 
1572025361806 digital: 0 0 0 0 1 0 0 0 0 0 0 0 0 0  analog: 0.0 0.0 0.0 0.0 0.0 0.0 0.0 0.0 0.0 0.0 0.0 0.0 0.0 0.0 
1572025362806 digital: 0 0 0 0 0 0 0 0 0 0 0 0 0 0  analog: 0.0 0.0 0.0 0.0 0.0 0.0 0.0 0.0 0.0 0.0 0.0 0.0 0.0 0.0 
1572025363806 digital: 0 0 0 0 1 0 0 0 0 0 0 0 0 0  analog: 0.0 0.0 0.0 0.0 0.0 0.0 0.0 0.0 0.0 0.0 0.0 0.0 0.0 0.0 
1572025365806 digital: 0 0 0 0 0 0 0 0 0 0 0 0 0 0  analog: 0.0 0.0 0.0 0.0 0.0 0.0 0.0 0.0 0.0 0.0 0.0 0.0 0.0 0.0 
time  digitalPinsStatus analogPinsStatus
1572025423746 digital: 0 0 0 0 0 0 0 0 0 0 0 0 0 0  analog: 0.0 0.0 0.0 0.0 0.0 0.0 0.0 0.0 0.0 0.0 0.0 0.0 0.0 0.0 
1572025446748 digital: 0 0 0 0 1 0 0 0 0 0 0 0 0 0  analog: 0.0 0.0 0.0 0.0 0.0 0.0 0.0 0.0 0.0 0.0 0.0 0.0 0.0 0.0 
1572025449749 digital: 0 0 0 0 0 0 0 0 0 0 0 0 0 0  analog: 0.0 0.0 0.0 0.0 0.0 0.0 0.0 0.0 0.0 0.0 0.0 0.0 0.0 0.0 
1572025450749 digital: 0 0 0 0 1 0 0 0 0 0 0 0 0 0  analog: 0.0 0.0 0.0 0.0 0.0 0.0 0.0 0.0 0.0 0.0 0.0 0.0 0.0 0.0 
1572025451749 digital: 0 0 0 0 0 0 0 0 0 0 0 0 0 0  analog: 0.0 0.0 0.0 0.0 0.0 0.0 0.0 0.0 0.0 0.0 0.0 0.0 0.0 0.0 
1572025464749 digital: 0 0 0 0 0 0 0 0 0 0 0 0 0 0  analog: 2.4731182795698925 0.0 0.0 0.0 0.0 0.0 0.0 0.0 0.0 0.0 0.0 0.0 0.0 0.0 
time  digitalPinsStatus analogPinsStatus
1572025519834 digital: 0 0 0 0 0 0 0 0 0 0 0 0 0 0  analog: 0.0 0.0 0.0 0.0 0.0 0.0 0.0 0.0 0.0 0.0 0.0 0.0 0.0 0.0 
1572025524874 digital: 0 0 0 0 0 0 0 0 0 0 0 0 0 0  analog: 2.4682306940371457 0.0 0.0 0.0 0.0 0.0 0.0 0.0 0.0 0.0 0.0 0.0 0.0 0.0 
1572025543877 digital: 0 0 0 0 1 0 0 0 0 0 0 0 0 0  analog: 2.4682306940371457 0.0 0.0 0.0 0.0 0.0 0.0 0.0 0.0 0.0 0.0 0.0 0.0 0.0 
1572025546879 digital: 0 0 0 0 0 0 0 0 0 0 0 0 0 0  analog: 2.4682306940371457 0.0 0.0 0.0 0.0 0.0 0.0 0.0 0.0 0.0 0.0 0.0 0.0 0.0 
1572025553880 digital: 0 0 0 0 0 0 0 0 0 0 0 0 0 0  analog: 1.6422287390029326 0.0 0.0 0.0 0.0 0.0 0.0 0.0 0.0 0.0 0.0 0.0 0.0 0.0 
1572025560880 digital: 0 0 0 0 1 0 0 0 0 0 0 0 0 0  analog: 1.6422287390029326 0.0 0.0 0.0 0.0 0.0 0.0 0.0 0.0 0.0 0.0 0.0 0.0 0.0 
1572025563880 digital: 0 0 0 0 0 0 0 0 0 0 0 0 0 0  analog: 1.6422287390029326 0.0 0.0 0.0 0.0 0.0 0.0 0.0 0.0 0.0 0.0 0.0 0.0 0.0 
time  digitalPinsStatus analogPinsStatus
1572026263626 digital: 0 0 0 0 0 0 0 0 0 0 0 0 0 0  analog: 0.0 0.0 0.0 0.0 0.0 0.0 0.0 0.0 0.0 0.0 0.0 0.0 0.0 0.0 
1572026268626 digital: 0 0 0 0 0 0 0 0 0 0 0 0 0 0  analog: 2.4242424242424243 0.0 0.0 0.0 0.0 0.0 0.0 0.0 0.0 0.0 0.0 0.0 0.0 0.0 
time  digitalPinsStatus analogPinsStatus
1572027249443 digital: 0 0 0 0 0 0 0 0 0 0 0 0 0 0  analog: 0.0 0.0 0.0 0.0 0.0 0.0 0.0 0.0 0.0 0.0 0.0 0.0 0.0 0.0 
time  digitalPinsStatus analogPinsStatus
1572027525687 digital: 0 0 0 0 0 0 0 0 0 0 0 0 0 0  analog: 0.0 0.0 0.0 0.0 0.0 0.0 0.0 0.0 0.0 0.0 0.0 0.0 0.0 0.0 
1572027530688 digital: 0 0 0 0 0 0 0 0 0 0 0 0 0 0  analog: 2.434017595307918 0.0 0.0 0.0 0.0 0.0 0.0 0.0 0.0 0.0 0.0 0.0 0.0 0.0 
time  digitalPinsStatus analogPinsStatus
1572027615864 digital: 0 0 0 0 0 0 0 0 0 0 0 0 0 0  analog: 0.0 0.0 0.0 0.0 0.0 0.0 0.0 0.0 0.0 0.0 0.0 0.0 0.0 0.0 
1572027620864 digital: 0 0 0 0 0 0 0 0 0 0 0 0 0 0  analog: 2.434017595307918 0.0 0.0 0.0 0.0 0.0 0.0 0.0 0.0 0.0 0.0 0.0 0.0 0.0 
time  digitalPinsStatus analogPinsStatus
1572027627735 digital: 0 0 0 0 0 0 0 0 0 0 0 0 0 0  analog: 0.0 0.0 0.0 0.0 0.0 0.0 0.0 0.0 0.0 0.0 0.0 0.0 0.0 0.0 
1572027632737 digital: 0 0 0 0 0 0 0 0 0 0 0 0 0 0  analog: 2.4389051808406648 0.0 0.0 0.0 0.0 0.0 0.0 0.0 0.0 0.0 0.0 0.0 0.0 0.0 
time  digitalPinsStatus analogPinsStatus
1572027642972 digital: 0 0 0 0 0 0 0 0 0 0 0 0 0 0  analog: 0.0 0.0 0.0 0.0 0.0 0.0 0.0 0.0 0.0 0.0 0.0 0.0 0.0 0.0 
1572027647972 digital: 0 0 0 0 0 0 0 0 0 0 0 0 0 0  analog: 2.4389051808406648 0.0 0.0 0.0 0.0 0.0 0.0 0.0 0.0 0.0 0.0 0.0 0.0 0.0 
time  digitalPinsStatus analogPinsStatus
1572027656168 digital: 0 0 0 0 0 0 0 0 0 0 0 0 0 0  analog: 0.0 0.0 0.0 0.0 0.0 0.0 0.0 0.0 0.0 0.0 0.0 0.0 0.0 0.0 
1572027661177 digital: 0 0 0 0 0 0 0 0 0 0 0 0 0 0  analog: 2.4389051808406648 0.0 0.0 0.0 0.0 0.0 0.0 0.0 0.0 0.0 0.0 0.0 0.0 0.0 
time  digitalPinsStatus analogPinsStatus
1572027695470 digital: 0 0 0 0 0 0 0 0 0 0 0 0 0 0  analog: 0.0 0.0 0.0 0.0 0.0 0.0 0.0 0.0 0.0 0.0 0.0 0.0 0.0 0.0 
1572027700470 digital: 0 0 0 0 0 0 0 0 0 0 0 0 0 0  analog: 2.4389051808406648 0.0 0.0 0.0 0.0 0.0 0.0 0.0 0.0 0.0 0.0 0.0 0.0 0.0 
1572027716480 digital: 0 0 0 0 1 0 0 0 0 0 0 0 0 0  analog: 2.4389051808406648 0.0 0.0 0.0 0.0 0.0 0.0 0.0 0.0 0.0 0.0 0.0 0.0 0.0 
1572027718480 digital: 0 0 0 0 0 0 0 0 0 0 0 0 0 0  analog: 2.4389051808406648 0.0 0.0 0.0 0.0 0.0 0.0 0.0 0.0 0.0 0.0 0.0 0.0 0.0 
1572027719480 digital: 0 0 0 0 1 0 0 0 0 0 0 0 0 0  analog: 2.4389051808406648 0.0 0.0 0.0 0.0 0.0 0.0 0.0 0.0 0.0 0.0 0.0 0.0 0.0 
1572027720480 digital: 0 0 0 0 0 0 0 0 0 0 0 0 0 0  analog: 2.4389051808406648 0.0 0.0 0.0 0.0 0.0 0.0 0.0 0.0 0.0 0.0 0.0 0.0 0.0 
time  digitalPinsStatus analogPinsStatus
1572027769525 digital: 0 0 0 0 0 0 0 0 0 0 0 0 0 0  analog: 0.0 0.0 0.0 0.0 0.0 0.0 0.0 0.0 0.0 0.0 0.0 0.0 0.0 0.0 
time  digitalPinsStatus analogPinsStatus
1572027895766 digital: 0 0 0 0 0 0 0 0 0 0 0 0 0 0  analog: 0.0 0.0 0.0 0.0 0.0 0.0 0.0 0.0 0.0 0.0 0.0 0.0 0.0 0.0 
1572027900766 digital: 0 0 0 0 0 0 0 0 0 0 0 0 0 0  analog: 2.4389051808406648 0.0 0.0 0.0 0.0 0.0 0.0 0.0 0.0 0.0 0.0 0.0 0.0 0.0 
time  digitalPinsStatus analogPinsStatus
1572027951717 digital: 0 0 0 0 0 0 0 0 0 0 0 0 0 0  analog: 0.0 0.0 0.0 0.0 0.0 0.0 0.0 0.0 0.0 0.0 0.0 0.0 0.0 0.0 
1572027956717 digital: 0 0 0 0 0 0 0 0 0 0 0 0 0 0  analog: 2.4389051808406648 0.0 0.0 0.0 0.0 0.0 0.0 0.0 0.0 0.0 0.0 0.0 0.0 0.0 
time  digitalPinsStatus analogPinsStatus
1572028035662 digital: 0 0 0 0 0 0 0 0 0 0 0 0 0 0  analog: 0.0 0.0 0.0 0.0 0.0 0.0 0.0 0.0 0.0 0.0 0.0 0.0 0.0 0.0 
1572028040662 digital: 0 0 0 0 0 0 0 0 0 0 0 0 0 0  analog: 2.4144672531769307 0.0 0.0 0.0 0.0 0.0 0.0 0.0 0.0 0.0 0.0 0.0 0.0 0.0 
time  digitalPinsStatus analogPinsStatus
1572028073171 digital: 0 0 0 0 0 0 0 0 0 0 0 0 0 0  analog: 0.0 0.0 0.0 0.0 0.0 0.0 0.0 0.0 0.0 0.0 0.0 0.0 0.0 0.0 
time  digitalPinsStatus analogPinsStatus
1572028548575 digital: 0 0 0 0 0 0 0 0 0 0 0 0 0 0  analog: 0.0 0.0 0.0 0.0 0.0 0.0 0.0 0.0 0.0 0.0 0.0 0.0 0.0 0.0 
1572028553575 digital: 0 0 0 0 0 0 0 0 0 0 0 0 0 0  analog: 2.4193548387096775 0.0 0.0 0.0 0.0 0.0 0.0 0.0 0.0 0.0 0.0 0.0 0.0 0.0 
time  digitalPinsStatus analogPinsStatus
1572028783581 digital: 0 0 0 0 0 0 0 0 0 0 0 0 0 0  analog: 0.0 0.0 0.0 0.0 0.0 0.0 0.0 0.0 0.0 0.0 0.0 0.0 0.0 0.0 
1572028788581 digital: 0 0 0 0 0 0 0 0 0 0 0 0 0 0  analog: 2.434017595307918 0.0 0.0 0.0 0.0 0.0 0.0 0.0 0.0 0.0 0.0 0.0 0.0 0.0 
time  digitalPinsStatus analogPinsStatus
1572028798475 digital: 0 0 0 0 0 0 0 0 0 0 0 0 0 0  analog: 0.0 0.0 0.0 0.0 0.0 0.0 0.0 0.0 0.0 0.0 0.0 0.0 0.0 0.0 
1572028803476 digital: 0 0 0 0 0 0 0 0 0 0 0 0 0 0  analog: 2.4144672531769307 0.0 0.0 0.0 0.0 0.0 0.0 0.0 0.0 0.0 0.0 0.0 0.0 0.0 
time  digitalPinsStatus analogPinsStatus
1572028975466 digital: 0 0 0 0 0 0 0 0 0 0 0 0 0 0  analog: 0.0 0.0 0.0 0.0 0.0 0.0 0.0 0.0 0.0 0.0 0.0 0.0 0.0 0.0 
1572028980467 digital: 0 0 0 0 0 0 0 0 0 0 0 0 0 0  analog: 2.434017595307918 0.0 0.0 0.0 0.0 0.0 0.0 0.0 0.0 0.0 0.0 0.0 0.0 0.0 
time  digitalPinsStatus analogPinsStatus
1572029014146 digital: 0 0 0 0 0 0 0 0 0 0 0 0 0 0  analog: 0.0 0.0 0.0 0.0 0.0 0.0 0.0 0.0 0.0 0.0 0.0 0.0 0.0 0.0 
1572029019147 digital: 0 0 0 0 0 0 0 0 0 0 0 0 0 0  analog: 2.4389051808406648 0.0 0.0 0.0 0.0 0.0 0.0 0.0 0.0 0.0 0.0 0.0 0.0 0.0 
time  digitalPinsStatus analogPinsStatus
1572029147108 digital: 0 0 0 0 0 0 0 0 0 0 0 0 0 0  analog: 0.0 0.0 0.0 0.0 0.0 0.0 0.0 0.0 0.0 0.0 0.0 0.0 0.0 0.0 
1572029152108 digital: 0 0 0 0 0 0 0 0 0 0 0 0 0 0  analog: 2.4437927663734116 0.0 0.0 0.0 0.0 0.0 0.0 0.0 0.0 0.0 0.0 0.0 0.0 0.0 
1572029274124 digital: 0 0 0 0 1 0 0 0 0 0 0 0 0 0  analog: 2.4437927663734116 0.0 0.0 0.0 0.0 0.0 0.0 0.0 0.0 0.0 0.0 0.0 0.0 0.0 
1572029276124 digital: 0 0 0 0 0 0 0 0 0 0 0 0 0 0  analog: 2.4437927663734116 0.0 0.0 0.0 0.0 0.0 0.0 0.0 0.0 0.0 0.0 0.0 0.0 0.0 
1572029277124 digital: 0 0 0 0 1 0 0 0 0 0 0 0 0 0  analog: 2.4437927663734116 0.0 0.0 0.0 0.0 0.0 0.0 0.0 0.0 0.0 0.0 0.0 0.0 0.0 
time  digitalPinsStatus analogPinsStatus
1572029501097 digital: 0 0 0 0 1 0 0 0 0 0 0 0 0 0  analog: 0.0 0.0 0.0 0.0 0.0 0.0 0.0 0.0 0.0 0.0 0.0 0.0 0.0 0.0 
1572029506123 digital: 0 0 0 0 1 0 0 0 0 0 0 0 0 0  analog: 2.4144672531769307 0.0 0.0 0.0 0.0 0.0 0.0 0.0 0.0 0.0 0.0 0.0 0.0 0.0 
time  digitalPinsStatus analogPinsStatus
1572029803833 digital: 0 0 0 0 1 0 0 0 0 0 0 0 0 0  analog: 0.0 0.0 0.0 0.0 0.0 0.0 0.0 0.0 0.0 0.0 0.0 0.0 0.0 0.0 
1572029808857 digital: 0 0 0 0 1 0 0 0 0 0 0 0 0 0  analog: 2.4437927663734116 0.0 0.0 0.0 0.0 0.0 0.0 0.0 0.0 0.0 0.0 0.0 0.0 0.0 
time  digitalPinsStatus analogPinsStatus
1572030049031 digital: 0 0 0 0 1 0 0 0 0 0 0 0 0 0  analog: 0.0 0.0 0.0 0.0 0.0 0.0 0.0 0.0 0.0 0.0 0.0 0.0 0.0 0.0 
1572030054059 digital: 0 0 0 0 1 0 0 0 0 0 0 0 0 0  analog: 2.4389051808406648 0.0 0.0 0.0 0.0 0.0 0.0 0.0 0.0 0.0 0.0 0.0 0.0 0.0 
time  digitalPinsStatus analogPinsStatus
1572030173333 digital: 0 0 0 0 1 0 0 0 0 0 0 0 0 0  analog: 0.0 0.0 0.0 0.0 0.0 0.0 0.0 0.0 0.0 0.0 0.0 0.0 0.0 0.0 
1572030178354 digital: 0 0 0 0 1 0 0 0 0 0 0 0 0 0  analog: 2.4389051808406648 0.0 0.0 0.0 0.0 0.0 0.0 0.0 0.0 0.0 0.0 0.0 0.0 0.0 
time  digitalPinsStatus analogPinsStatus
1572030187244 digital: 0 0 0 0 1 0 0 0 0 0 0 0 0 0  analog: 0.0 0.0 0.0 0.0 0.0 0.0 0.0 0.0 0.0 0.0 0.0 0.0 0.0 0.0 
1572030192266 digital: 0 0 0 0 1 0 0 0 0 0 0 0 0 0  analog: 2.4389051808406648 0.0 0.0 0.0 0.0 0.0 0.0 0.0 0.0 0.0 0.0 0.0 0.0 0.0 
time  digitalPinsStatus analogPinsStatus
1572030327194 digital: 0 0 0 0 1 0 0 0 0 0 0 0 0 0  analog: 0.0 0.0 0.0 0.0 0.0 0.0 0.0 0.0 0.0 0.0 0.0 0.0 0.0 0.0 
1572030332212 digital: 0 0 0 0 1 0 0 0 0 0 0 0 0 0  analog: 2.482893450635386 0.0 0.0 0.0 0.0 0.0 0.0 0.0 0.0 0.0 0.0 0.0 0.0 0.0 
1572030367332 digital: 0 0 0 0 0 0 0 0 0 0 0 0 0 0  analog: 2.482893450635386 0.0 0.0 0.0 0.0 0.0 0.0 0.0 0.0 0.0 0.0 0.0 0.0 0.0 
1572030368334 digital: 0 0 0 0 0 0 0 0 0 0 0 0 0 0  analog: 1.656891495601173 0.0 0.0 0.0 0.0 0.0 0.0 0.0 0.0 0.0 0.0 0.0 0.0 0.0 
1572030369334 digital: 0 0 0 0 0 0 0 0 0 0 0 0 0 0  analog: 1.6129032258064517 1.5982404692082113 0.0 0.0 0.0 0.0 0.0 0.0 0.0 0.0 0.0 0.0 0.0 0.0 
time  digitalPinsStatus analogPinsStatus
1572102050756 digital: 0 0 0 0 0 0 0 0 0 0 0 0 0 0  analog: 0.0 0.0 0.0 0.0 0.0 0.0 0.0 0.0 0.0 0.0 0.0 0.0 0.0 0.0 
1572102054765 digital: 0 0 0 0 0 0 0 0 0 0 0 0 0 0  analog: 1.989247311827957 0.0 0.0 0.0 0.0 0.0 0.0 0.0 0.0 0.0 0.0 0.0 0.0 0.0 
time  digitalPinsStatus analogPinsStatus
1572102208836 digital: 0 0 0 0 0 0 0 0 0 0 0 0 0 0  analog: 0.0 0.0 0.0 0.0 0.0 0.0 0.0 0.0 0.0 0.0 0.0 0.0 0.0 0.0 
1572102213846 digital: 0 0 0 0 0 0 0 0 0 0 0 0 0 0  analog: 2.189638318670577 0.0 0.0 0.0 0.0 0.0 0.0 0.0 0.0 0.0 0.0 0.0 0.0 0.0 
1572102282888 digital: 0 0 0 1 0 0 0 0 0 0 0 0 0 0  analog: 2.189638318670577 0.0 0.0 0.0 0.0 0.0 0.0 0.0 0.0 0.0 0.0 0.0 0.0 0.0 
time  digitalPinsStatus analogPinsStatus
1572102550661 digital: 0 0 0 1 0 0 0 0 0 0 0 0 0 0  analog: 0.0 0.0 0.0 0.0 0.0 0.0 0.0 0.0 0.0 0.0 0.0 0.0 0.0 0.0 
1572102555677 digital: 0 0 0 1 0 0 0 0 0 0 0 0 0 0  analog: 2.1358748778103616 0.0 0.0 0.0 0.0 0.0 0.0 0.0 0.0 0.0 0.0 0.0 0.0 0.0 
time  digitalPinsStatus analogPinsStatus
1572102757652 digital: 0 0 0 1 0 0 0 0 0 0 0 0 0 0  analog: 0.0 0.0 0.0 0.0 0.0 0.0 0.0 0.0 0.0 0.0 0.0 0.0 0.0 0.0 
1572102762681 digital: 0 0 0 1 0 0 0 0 0 0 0 0 0 0  analog: 2.1309872922776147 0.0 0.0 0.0 0.0 0.0 0.0 0.0 0.0 0.0 0.0 0.0 0.0 0.0 
1572102922691 digital: 0 0 0 0 0 0 0 0 0 0 0 0 0 0  analog: 2.1309872922776147 2.072336265884653 0.0 0.0 0.0 0.0 0.0 0.0 0.0 0.0 0.0 0.0 0.0 0.0 
1572102924691 digital: 0 0 0 1 0 0 0 0 0 0 0 0 0 0  analog: 2.1309872922776147 2.072336265884653 0.0 0.0 0.0 0.0 0.0 0.0 0.0 0.0 0.0 0.0 0.0 0.0 
1572102927691 digital: 0 0 0 0 0 0 0 0 0 0 0 0 0 0  analog: 2.1309872922776147 2.072336265884653 0.0 0.0 0.0 0.0 0.0 0.0 0.0 0.0 0.0 0.0 0.0 0.0 
1572102928691 digital: 0 0 0 1 0 0 0 0 0 0 0 0 0 0  analog: 2.1309872922776147 2.072336265884653 0.0 0.0 0.0 0.0 0.0 0.0 0.0 0.0 0.0 0.0 0.0 0.0 
1572103477728 digital: 0 0 0 1 0 0 0 0 0 0 0 0 0 0  analog: 2.1309872922776147 2.0576735092864125 0.0 0.0 0.0 0.0 0.0 0.0 0.0 0.0 0.0 0.0 0.0 0.0 
1572103480729 digital: 0 0 0 0 0 0 0 0 0 0 0 0 0 0  analog: 2.1309872922776147 2.0576735092864125 0.0 0.0 0.0 0.0 0.0 0.0 0.0 0.0 0.0 0.0 0.0 0.0 
1572103492729 digital: 0 0 0 1 0 0 0 0 0 0 0 0 0 0  analog: 2.1309872922776147 2.0576735092864125 0.0 0.0 0.0 0.0 0.0 0.0 0.0 0.0 0.0 0.0 0.0 0.0 
1572103650738 digital: 0 0 0 1 0 0 0 0 0 0 0 0 0 0  analog: 2.1309872922776147 2.0283479960899315 0.0 0.0 0.0 0.0 0.0 0.0 0.0 0.0 0.0 0.0 0.0 0.0 
1572103658739 digital: 0 0 0 0 0 0 0 0 0 0 0 0 0 0  analog: 2.1309872922776147 2.0283479960899315 0.0 0.0 0.0 0.0 0.0 0.0 0.0 0.0 0.0 0.0 0.0 0.0 
1572103661739 digital: 0 0 0 1 0 0 0 0 0 0 0 0 0 0  analog: 2.1309872922776147 2.0283479960899315 0.0 0.0 0.0 0.0 0.0 0.0 0.0 0.0 0.0 0.0 0.0 0.0 
1572103669739 digital: 0 0 0 0 0 0 0 0 0 0 0 0 0 0  analog: 2.1309872922776147 2.0283479960899315 0.0 0.0 0.0 0.0 0.0 0.0 0.0 0.0 0.0 0.0 0.0 0.0 
1572103674740 digital: 0 0 0 1 0 0 0 0 0 0 0 0 0 0  analog: 2.1309872922776147 2.0283479960899315 0.0 0.0 0.0 0.0 0.0 0.0 0.0 0.0 0.0 0.0 0.0 0.0 
1572105260874 digital: 0 0 0 1 0 0 0 0 0 0 0 0 0 0  analog: 2.1309872922776147 1.6813294232649072 0.0 0.0 0.0 0.0 0.0 0.0 0.0 0.0 0.0 0.0 0.0 0.0 
1572105268875 digital: 0 0 0 0 0 0 0 0 0 0 0 0 0 0  analog: 2.1309872922776147 1.6813294232649072 0.0 0.0 0.0 0.0 0.0 0.0 0.0 0.0 0.0 0.0 0.0 0.0 
1572105269875 digital: 0 0 0 1 0 0 0 0 0 0 0 0 0 0  analog: 2.1309872922776147 1.6813294232649072 0.0 0.0 0.0 0.0 0.0 0.0 0.0 0.0 0.0 0.0 0.0 0.0 
1572105315879 digital: 0 0 0 0 0 0 0 0 0 0 0 0 0 0  analog: 2.1309872922776147 1.6813294232649072 0.0 0.0 0.0 0.0 0.0 0.0 0.0 0.0 0.0 0.0 0.0 0.0 
1572105316879 digital: 0 0 0 1 0 0 0 0 0 0 0 0 0 0  analog: 2.1309872922776147 1.6813294232649072 0.0 0.0 0.0 0.0 0.0 0.0 0.0 0.0 0.0 0.0 0.0 0.0 
1572105436891 digital: 0 0 0 0 0 0 0 0 0 0 0 0 0 0  analog: 2.1309872922776147 1.6813294232649072 0.0 0.0 0.0 0.0 0.0 0.0 0.0 0.0 0.0 0.0 0.0 0.0 
1572105437892 digital: 0 0 0 0 0 0 0 0 0 0 0 0 0 0  analog: 2.1309872922776147 2.1163245356793743 0.0 0.0 0.0 0.0 0.0 0.0 0.0 0.0 0.0 0.0 0.0 0.0 
1572105438900 digital: 0 0 0 1 0 0 0 0 0 0 0 0 0 0  analog: 2.1309872922776147 2.1163245356793743 0.0 0.0 0.0 0.0 0.0 0.0 0.0 0.0 0.0 0.0 0.0 0.0 
1572105783936 digital: 0 0 0 1 0 0 0 0 0 0 0 0 0 0  analog: 2.1309872922776147 2.179863147605083 0.0 0.0 0.0 0.0 0.0 0.0 0.0 0.0 0.0 0.0 0.0 0.0 
1572105789938 digital: 0 0 0 0 0 0 0 0 0 0 0 0 0 0  analog: 2.1309872922776147 2.179863147605083 0.0 0.0 0.0 0.0 0.0 0.0 0.0 0.0 0.0 0.0 0.0 0.0 
1572105792938 digital: 0 0 0 1 0 0 0 0 0 0 0 0 0 0  analog: 2.1309872922776147 2.179863147605083 0.0 0.0 0.0 0.0 0.0 0.0 0.0 0.0 0.0 0.0 0.0 0.0 
1572106186994 digital: 0 0 0 0 0 0 0 0 0 0 0 0 0 0  analog: 2.1309872922776147 2.1163245356793743 0.0 0.0 0.0 0.0 0.0 0.0 0.0 0.0 0.0 0.0 0.0 0.0 
1572106187994 digital: 0 0 0 1 0 0 0 0 0 0 0 0 0 0  analog: 2.1309872922776147 2.1163245356793743 0.0 0.0 0.0 0.0 0.0 0.0 0.0 0.0 0.0 0.0 0.0 0.0 
1572106583049 digital: 0 0 0 1 0 0 0 0 0 0 0 0 0 0  analog: 2.1309872922776147 2.1700879765395893 0.0 0.0 0.0 0.0 0.0 0.0 0.0 0.0 0.0 0.0 0.0 0.0 
1572106588049 digital: 0 0 0 0 0 0 0 0 0 0 0 0 0 0  analog: 2.1309872922776147 2.1700879765395893 0.0 0.0 0.0 0.0 0.0 0.0 0.0 0.0 0.0 0.0 0.0 0.0 
1572106589050 digital: 0 0 0 1 0 0 0 0 0 0 0 0 0 0  analog: 2.1309872922776147 2.1700879765395893 0.0 0.0 0.0 0.0 0.0 0.0 0.0 0.0 0.0 0.0 0.0 0.0 
1572106684069 digital: 0 0 0 0 0 0 0 0 0 0 0 0 0 0  analog: 2.1309872922776147 2.1700879765395893 0.0 0.0 0.0 0.0 0.0 0.0 0.0 0.0 0.0 0.0 0.0 0.0 
1572106688069 digital: 0 0 0 1 0 0 0 0 0 0 0 0 0 0  analog: 2.1309872922776147 2.1700879765395893 0.0 0.0 0.0 0.0 0.0 0.0 0.0 0.0 0.0 0.0 0.0 0.0 
1572106712071 digital: 0 0 0 0 0 0 0 0 0 0 0 0 0 0  analog: 2.1309872922776147 2.1700879765395893 0.0 0.0 0.0 0.0 0.0 0.0 0.0 0.0 0.0 0.0 0.0 0.0 
1572106715072 digital: 0 0 0 1 0 0 0 0 0 0 0 0 0 0  analog: 2.1309872922776147 2.1700879765395893 0.0 0.0 0.0 0.0 0.0 0.0 0.0 0.0 0.0 0.0 0.0 0.0 
1572106903084 digital: 0 0 0 1 0 0 0 0 0 0 0 0 0 0  analog: 2.1309872922776147 2.018572825024438 0.0 0.0 0.0 0.0 0.0 0.0 0.0 0.0 0.0 0.0 0.0 0.0 
1572106909085 digital: 0 0 0 0 0 0 0 0 0 0 0 0 0 0  analog: 2.1309872922776147 2.018572825024438 0.0 0.0 0.0 0.0 0.0 0.0 0.0 0.0 0.0 0.0 0.0 0.0 
1572106911085 digital: 0 0 0 1 0 0 0 0 0 0 0 0 0 0  analog: 2.1309872922776147 2.018572825024438 0.0 0.0 0.0 0.0 0.0 0.0 0.0 0.0 0.0 0.0 0.0 0.0 
1572107056134 digital: 0 0 0 0 0 0 0 0 0 0 0 0 0 0  analog: 2.1309872922776147 2.018572825024438 0.0 0.0 0.0 0.0 0.0 0.0 0.0 0.0 0.0 0.0 0.0 0.0 
1572109110435 digital: 0 0 0 0 0 0 0 0 0 0 0 0 0 0  analog: 2.1309872922776147 2.1065493646138806 0.0 0.0 0.0 0.0 0.0 0.0 0.0 0.0 0.0 0.0 0.0 0.0 
1572109112435 digital: 0 0 0 1 0 0 0 0 0 0 0 0 0 0  analog: 2.1309872922776147 2.1065493646138806 0.0 0.0 0.0 0.0 0.0 0.0 0.0 0.0 0.0 0.0 0.0 0.0 
1572109117435 digital: 0 0 0 0 0 0 0 0 0 0 0 0 0 0  analog: 2.1309872922776147 2.1065493646138806 0.0 0.0 0.0 0.0 0.0 0.0 0.0 0.0 0.0 0.0 0.0 0.0 
1572109121435 digital: 0 0 0 1 0 0 0 0 0 0 0 0 0 0  analog: 2.1309872922776147 2.1065493646138806 0.0 0.0 0.0 0.0 0.0 0.0 0.0 0.0 0.0 0.0 0.0 0.0 
1572109133436 digital: 0 0 0 0 0 0 0 0 0 0 0 0 0 0  analog: 2.1309872922776147 2.1065493646138806 0.0 0.0 0.0 0.0 0.0 0.0 0.0 0.0 0.0 0.0 0.0 0.0 
1572109195439 digital: 0 0 0 0 0 0 0 0 0 0 0 0 0 0  analog: 2.1309872922776147 2.179863147605083 0.0 0.0 0.0 0.0 0.0 0.0 0.0 0.0 0.0 0.0 0.0 0.0 
1572109202440 digital: 0 0 0 1 0 0 0 0 0 0 0 0 0 0  analog: 2.1309872922776147 2.179863147605083 0.0 0.0 0.0 0.0 0.0 0.0 0.0 0.0 0.0 0.0 0.0 0.0 
1572111635028 digital: 0 0 0 1 0 0 0 0 0 0 0 0 0 0  analog: 2.1309872922776147 2.2629521016617793 0.0 0.0 0.0 0.0 0.0 0.0 0.0 0.0 0.0 0.0 0.0 0.0 
1572111647038 digital: 0 0 0 0 0 0 0 0 0 0 0 0 0 0  analog: 2.1309872922776147 2.2629521016617793 0.0 0.0 0.0 0.0 0.0 0.0 0.0 0.0 0.0 0.0 0.0 0.0 
1572111648049 digital: 0 0 0 1 0 0 0 0 0 0 0 0 0 0  analog: 2.1309872922776147 2.2629521016617793 0.0 0.0 0.0 0.0 0.0 0.0 0.0 0.0 0.0 0.0 0.0 0.0 
1572111661049 digital: 0 0 0 0 0 0 0 0 0 0 0 0 0 0  analog: 2.1309872922776147 2.2629521016617793 0.0 0.0 0.0 0.0 0.0 0.0 0.0 0.0 0.0 0.0 0.0 0.0 
1572111662050 digital: 0 0 0 1 0 0 0 0 0 0 0 0 0 0  analog: 2.1309872922776147 2.2629521016617793 0.0 0.0 0.0 0.0 0.0 0.0 0.0 0.0 0.0 0.0 0.0 0.0 
1572111674050 digital: 0 0 0 0 0 0 0 0 0 0 0 0 0 0  analog: 2.1309872922776147 2.2629521016617793 0.0 0.0 0.0 0.0 0.0 0.0 0.0 0.0 0.0 0.0 0.0 0.0 
1572111678086 digital: 0 0 0 1 0 0 0 0 0 0 0 0 0 0  analog: 2.1309872922776147 2.2629521016617793 0.0 0.0 0.0 0.0 0.0 0.0 0.0 0.0 0.0 0.0 0.0 0.0 
1572111747132 digital: 0 0 0 0 0 0 0 0 0 0 0 0 0 0  analog: 2.1309872922776147 2.2629521016617793 0.0 0.0 0.0 0.0 0.0 0.0 0.0 0.0 0.0 0.0 0.0 0.0 
1572111748132 digital: 0 0 0 1 0 0 0 0 0 0 0 0 0 0  analog: 2.1309872922776147 2.2629521016617793 0.0 0.0 0.0 0.0 0.0 0.0 0.0 0.0 0.0 0.0 0.0 0.0 
1572111860214 digital: 0 0 0 0 0 0 0 0 0 0 0 0 0 0  analog: 2.1309872922776147 2.2629521016617793 0.0 0.0 0.0 0.0 0.0 0.0 0.0 0.0 0.0 0.0 0.0 0.0 
1572111861214 digital: 0 0 0 1 0 0 0 0 0 0 0 0 0 0  analog: 2.1309872922776147 2.2629521016617793 0.0 0.0 0.0 0.0 0.0 0.0 0.0 0.0 0.0 0.0 0.0 0.0 
1572112172369 digital: 0 0 0 0 0 0 0 0 0 0 0 0 0 0  analog: 2.1309872922776147 2.2629521016617793 0.0 0.0 0.0 0.0 0.0 0.0 0.0 0.0 0.0 0.0 0.0 0.0 
1572112200380 digital: 0 0 0 1 0 0 0 0 0 0 0 0 0 0  analog: 2.1309872922776147 2.2629521016617793 0.0 0.0 0.0 0.0 0.0 0.0 0.0 0.0 0.0 0.0 0.0 0.0 
1572112366442 digital: 0 0 0 0 0 0 0 0 0 0 0 0 0 0  analog: 2.1309872922776147 2.2629521016617793 0.0 0.0 0.0 0.0 0.0 0.0 0.0 0.0 0.0 0.0 0.0 0.0 
1572112370454 digital: 0 0 0 1 0 0 0 0 0 0 0 0 0 0  analog: 2.1309872922776147 2.2629521016617793 0.0 0.0 0.0 0.0 0.0 0.0 0.0 0.0 0.0 0.0 0.0 0.0 
1572112372454 digital: 0 0 0 0 0 0 0 0 0 0 0 0 0 0  analog: 2.1309872922776147 2.2629521016617793 0.0 0.0 0.0 0.0 0.0 0.0 0.0 0.0 0.0 0.0 0.0 0.0 
1572112385455 digital: 0 0 0 1 0 0 0 0 0 0 0 0 0 0  analog: 2.1309872922776147 2.2629521016617793 0.0 0.0 0.0 0.0 0.0 0.0 0.0 0.0 0.0 0.0 0.0 0.0 
1572112386455 digital: 0 0 0 0 0 0 0 0 0 0 0 0 0 0  analog: 2.1309872922776147 2.2629521016617793 0.0 0.0 0.0 0.0 0.0 0.0 0.0 0.0 0.0 0.0 0.0 0.0 
1572112393461 digital: 0 0 0 1 0 0 0 0 0 0 0 0 0 0  analog: 2.1309872922776147 2.2629521016617793 0.0 0.0 0.0 0.0 0.0 0.0 0.0 0.0 0.0 0.0 0.0 0.0 
1572112396462 digital: 0 0 0 0 0 0 0 0 0 0 0 0 0 0  analog: 2.1309872922776147 2.2629521016617793 0.0 0.0 0.0 0.0 0.0 0.0 0.0 0.0 0.0 0.0 0.0 0.0 
1572112434468 digital: 0 0 0 1 0 0 0 0 0 0 0 0 0 0  analog: 2.1309872922776147 2.2629521016617793 0.0 0.0 0.0 0.0 0.0 0.0 0.0 0.0 0.0 0.0 0.0 0.0 
1572112439490 digital: 0 0 0 0 0 0 0 0 0 0 0 0 0 0  analog: 2.1309872922776147 2.2629521016617793 0.0 0.0 0.0 0.0 0.0 0.0 0.0 0.0 0.0 0.0 0.0 0.0 
1572112444490 digital: 0 0 0 1 0 0 0 0 0 0 0 0 0 0  analog: 2.1309872922776147 2.2629521016617793 0.0 0.0 0.0 0.0 0.0 0.0 0.0 0.0 0.0 0.0 0.0 0.0 
1572112445490 digital: 0 0 0 0 0 0 0 0 0 0 0 0 0 0  analog: 2.1309872922776147 2.2629521016617793 0.0 0.0 0.0 0.0 0.0 0.0 0.0 0.0 0.0 0.0 0.0 0.0 
1572113243833 digital: 0 0 0 0 0 0 0 0 0 0 0 0 0 0  analog: 2.1309872922776147 2.179863147605083 0.0 0.0 0.0 0.0 0.0 0.0 0.0 0.0 0.0 0.0 0.0 0.0 
1572113245833 digital: 0 0 0 1 0 0 0 0 0 0 0 0 0 0  analog: 2.1309872922776147 2.179863147605083 0.0 0.0 0.0 0.0 0.0 0.0 0.0 0.0 0.0 0.0 0.0 0.0 
1572113246833 digital: 0 0 0 0 0 0 0 0 0 0 0 0 0 0  analog: 2.1309872922776147 2.179863147605083 0.0 0.0 0.0 0.0 0.0 0.0 0.0 0.0 0.0 0.0 0.0 0.0 
1572113250833 digital: 0 0 0 1 0 0 0 0 0 0 0 0 0 0  analog: 2.1309872922776147 2.179863147605083 0.0 0.0 0.0 0.0 0.0 0.0 0.0 0.0 0.0 0.0 0.0 0.0 
1572113286835 digital: 0 0 0 0 0 0 0 0 0 0 0 0 0 0  analog: 2.1309872922776147 2.179863147605083 0.0 0.0 0.0 0.0 0.0 0.0 0.0 0.0 0.0 0.0 0.0 0.0 
1572113295836 digital: 0 0 0 1 0 0 0 0 0 0 0 0 0 0  analog: 2.1309872922776147 2.179863147605083 0.0 0.0 0.0 0.0 0.0 0.0 0.0 0.0 0.0 0.0 0.0 0.0 
1572113315837 digital: 0 0 0 0 0 0 0 0 0 0 0 0 0 0  analog: 2.1309872922776147 2.179863147605083 0.0 0.0 0.0 0.0 0.0 0.0 0.0 0.0 0.0 0.0 0.0 0.0 
1572113364841 digital: 0 0 0 1 0 0 0 0 0 0 0 0 0 0  analog: 2.1309872922776147 2.179863147605083 0.0 0.0 0.0 0.0 0.0 0.0 0.0 0.0 0.0 0.0 0.0 0.0 
1572113372841 digital: 0 0 0 0 0 0 0 0 0 0 0 0 0 0  analog: 2.1309872922776147 2.179863147605083 0.0 0.0 0.0 0.0 0.0 0.0 0.0 0.0 0.0 0.0 0.0 0.0 
1572113527877 digital: 0 0 0 1 0 0 0 0 0 0 0 0 0 0  analog: 2.1309872922776147 2.179863147605083 0.0 0.0 0.0 0.0 0.0 0.0 0.0 0.0 0.0 0.0 0.0 0.0 
1572113529877 digital: 0 0 0 0 0 0 0 0 0 0 0 0 0 0  analog: 2.1309872922776147 2.179863147605083 0.0 0.0 0.0 0.0 0.0 0.0 0.0 0.0 0.0 0.0 0.0 0.0 
1572113687943 digital: 0 0 0 1 0 0 0 0 0 0 0 0 0 0  analog: 2.1309872922776147 2.179863147605083 0.0 0.0 0.0 0.0 0.0 0.0 0.0 0.0 0.0 0.0 0.0 0.0 
1572113689943 digital: 0 0 0 0 0 0 0 0 0 0 0 0 0 0  analog: 2.1309872922776147 2.179863147605083 0.0 0.0 0.0 0.0 0.0 0.0 0.0 0.0 0.0 0.0 0.0 0.0 
1572114062058 digital: 0 0 0 0 0 0 0 0 0 0 0 0 0 0  analog: 2.1309872922776147 2.174975562072336 0.0 0.0 0.0 0.0 0.0 0.0 0.0 0.0 0.0 0.0 0.0 0.0 
1572114063058 digital: 0 0 0 1 0 0 0 0 0 0 0 0 0 0  analog: 2.1309872922776147 2.174975562072336 0.0 0.0 0.0 0.0 0.0 0.0 0.0 0.0 0.0 0.0 0.0 0.0 
1572114075060 digital: 0 0 0 0 0 0 0 0 0 0 0 0 0 0  analog: 2.1309872922776147 2.174975562072336 0.0 0.0 0.0 0.0 0.0 0.0 0.0 0.0 0.0 0.0 0.0 0.0 
1572114076060 digital: 0 0 0 1 0 0 0 0 0 0 0 0 0 0  analog: 2.1309872922776147 2.174975562072336 0.0 0.0 0.0 0.0 0.0 0.0 0.0 0.0 0.0 0.0 0.0 0.0 
1572114083066 digital: 0 0 0 0 0 0 0 0 0 0 0 0 0 0  analog: 2.1309872922776147 2.174975562072336 0.0 0.0 0.0 0.0 0.0 0.0 0.0 0.0 0.0 0.0 0.0 0.0 
1572114085066 digital: 0 0 0 1 0 0 0 0 0 0 0 0 0 0  analog: 2.1309872922776147 2.174975562072336 0.0 0.0 0.0 0.0 0.0 0.0 0.0 0.0 0.0 0.0 0.0 0.0 
1572114086066 digital: 0 0 0 0 0 0 0 0 0 0 0 0 0 0  analog: 2.1309872922776147 2.174975562072336 0.0 0.0 0.0 0.0 0.0 0.0 0.0 0.0 0.0 0.0 0.0 0.0 
1572114091066 digital: 0 0 0 1 0 0 0 0 0 0 0 0 0 0  analog: 2.1309872922776147 2.174975562072336 0.0 0.0 0.0 0.0 0.0 0.0 0.0 0.0 0.0 0.0 0.0 0.0 
1572114092066 digital: 0 0 0 0 0 0 0 0 0 0 0 0 0 0  analog: 2.1309872922776147 2.174975562072336 0.0 0.0 0.0 0.0 0.0 0.0 0.0 0.0 0.0 0.0 0.0 0.0 
1572114094067 digital: 0 0 0 1 0 0 0 0 0 0 0 0 0 0  analog: 2.1309872922776147 2.174975562072336 0.0 0.0 0.0 0.0 0.0 0.0 0.0 0.0 0.0 0.0 0.0 0.0 
1572114095067 digital: 0 0 0 0 0 0 0 0 0 0 0 0 0 0  analog: 2.1309872922776147 2.174975562072336 0.0 0.0 0.0 0.0 0.0 0.0 0.0 0.0 0.0 0.0 0.0 0.0 
1572114101068 digital: 0 0 0 1 0 0 0 0 0 0 0 0 0 0  analog: 2.1309872922776147 2.174975562072336 0.0 0.0 0.0 0.0 0.0 0.0 0.0 0.0 0.0 0.0 0.0 0.0 
1572114102069 digital: 0 0 0 0 0 0 0 0 0 0 0 0 0 0  analog: 2.1309872922776147 2.174975562072336 0.0 0.0 0.0 0.0 0.0 0.0 0.0 0.0 0.0 0.0 0.0 0.0 
1572114104069 digital: 0 0 0 1 0 0 0 0 0 0 0 0 0 0  analog: 2.1309872922776147 2.174975562072336 0.0 0.0 0.0 0.0 0.0 0.0 0.0 0.0 0.0 0.0 0.0 0.0 
1572114106069 digital: 0 0 0 0 0 0 0 0 0 0 0 0 0 0  analog: 2.1309872922776147 2.174975562072336 0.0 0.0 0.0 0.0 0.0 0.0 0.0 0.0 0.0 0.0 0.0 0.0 
1572114108069 digital: 0 0 0 1 0 0 0 0 0 0 0 0 0 0  analog: 2.1309872922776147 2.174975562072336 0.0 0.0 0.0 0.0 0.0 0.0 0.0 0.0 0.0 0.0 0.0 0.0 
1572114110070 digital: 0 0 0 0 0 0 0 0 0 0 0 0 0 0  analog: 2.1309872922776147 2.174975562072336 0.0 0.0 0.0 0.0 0.0 0.0 0.0 0.0 0.0 0.0 0.0 0.0 
1572114112070 digital: 0 0 0 1 0 0 0 0 0 0 0 0 0 0  analog: 2.1309872922776147 2.174975562072336 0.0 0.0 0.0 0.0 0.0 0.0 0.0 0.0 0.0 0.0 0.0 0.0 
1572114113070 digital: 0 0 0 0 0 0 0 0 0 0 0 0 0 0  analog: 2.1309872922776147 2.174975562072336 0.0 0.0 0.0 0.0 0.0 0.0 0.0 0.0 0.0 0.0 0.0 0.0 
1572114163095 digital: 0 0 0 1 0 0 0 0 0 0 0 0 0 0  analog: 2.1309872922776147 2.174975562072336 0.0 0.0 0.0 0.0 0.0 0.0 0.0 0.0 0.0 0.0 0.0 0.0 
1572114172095 digital: 0 0 0 0 0 0 0 0 0 0 0 0 0 0  analog: 2.1309872922776147 2.174975562072336 0.0 0.0 0.0 0.0 0.0 0.0 0.0 0.0 0.0 0.0 0.0 0.0 
1572114217099 digital: 0 0 0 1 0 0 0 0 0 0 0 0 0 0  analog: 2.1309872922776147 2.174975562072336 0.0 0.0 0.0 0.0 0.0 0.0 0.0 0.0 0.0 0.0 0.0 0.0 
1572114218099 digital: 0 0 0 0 0 0 0 0 0 0 0 0 0 0  analog: 2.1309872922776147 2.174975562072336 0.0 0.0 0.0 0.0 0.0 0.0 0.0 0.0 0.0 0.0 0.0 0.0 
1572114220099 digital: 0 0 0 1 0 0 0 0 0 0 0 0 0 0  analog: 2.1309872922776147 2.174975562072336 0.0 0.0 0.0 0.0 0.0 0.0 0.0 0.0 0.0 0.0 0.0 0.0 
1572114221100 digital: 0 0 0 0 0 0 0 0 0 0 0 0 0 0  analog: 2.1309872922776147 2.174975562072336 0.0 0.0 0.0 0.0 0.0 0.0 0.0 0.0 0.0 0.0 0.0 0.0 
1572114223100 digital: 0 0 0 1 0 0 0 0 0 0 0 0 0 0  analog: 2.1309872922776147 2.174975562072336 0.0 0.0 0.0 0.0 0.0 0.0 0.0 0.0 0.0 0.0 0.0 0.0 
1572114233101 digital: 0 0 0 0 0 0 0 0 0 0 0 0 0 0  analog: 2.1309872922776147 2.174975562072336 0.0 0.0 0.0 0.0 0.0 0.0 0.0 0.0 0.0 0.0 0.0 0.0 
1572114234101 digital: 0 0 0 1 0 0 0 0 0 0 0 0 0 0  analog: 2.1309872922776147 2.174975562072336 0.0 0.0 0.0 0.0 0.0 0.0 0.0 0.0 0.0 0.0 0.0 0.0 
time  digitalPinsStatus analogPinsStatus
1572115175889 digital: 0 0 0 1 0 0 0 0 0 0 0 0 0 0  analog: 0.0 0.0 0.0 0.0 0.0 0.0 0.0 0.0 0.0 0.0 0.0 0.0 0.0 0.0 
1572115180904 digital: 0 0 0 1 0 0 0 0 0 0 0 0 0 0  analog: 2.302052785923754 0.0 0.0 0.0 0.0 0.0 0.0 0.0 0.0 0.0 0.0 0.0 0.0 0.0 
1572115205905 digital: 0 0 0 0 0 0 0 0 0 0 0 0 0 0  analog: 2.302052785923754 0.0 0.0 0.0 0.0 0.0 0.0 0.0 0.0 0.0 0.0 0.0 0.0 0.0 
1572115206906 digital: 0 0 0 1 0 0 0 0 0 0 0 0 0 0  analog: 2.302052785923754 0.0 0.0 0.0 0.0 0.0 0.0 0.0 0.0 0.0 0.0 0.0 0.0 0.0 
1572115352914 digital: 0 0 0 1 0 0 0 0 0 0 0 0 0 0  analog: 2.302052785923754 2.2629521016617793 0.0 0.0 0.0 0.0 0.0 0.0 0.0 0.0 0.0 0.0 0.0 0.0 
1572115354914 digital: 0 0 0 0 0 0 0 0 0 0 0 0 0 0  analog: 2.302052785923754 2.2629521016617793 0.0 0.0 0.0 0.0 0.0 0.0 0.0 0.0 0.0 0.0 0.0 0.0 
1572115356914 digital: 0 0 0 1 0 0 0 0 0 0 0 0 0 0  analog: 2.302052785923754 2.2629521016617793 0.0 0.0 0.0 0.0 0.0 0.0 0.0 0.0 0.0 0.0 0.0 0.0 
1572115364915 digital: 0 0 0 0 0 0 0 0 0 0 0 0 0 0  analog: 2.302052785923754 2.2629521016617793 0.0 0.0 0.0 0.0 0.0 0.0 0.0 0.0 0.0 0.0 0.0 0.0 
1572115370915 digital: 0 0 0 1 0 0 0 0 0 0 0 0 0 0  analog: 2.302052785923754 2.2629521016617793 0.0 0.0 0.0 0.0 0.0 0.0 0.0 0.0 0.0 0.0 0.0 0.0 
time  digitalPinsStatus analogPinsStatus
1572286107145 digital: 0 0 0 1 0 0 0 0 0 0 0 0 0 0  analog: 0.0 0.0 0.0 0.0 0.0 0.0 0.0 0.0 0.0 0.0 0.0 0.0 0.0 0.0 
1572286112145 digital: 0 0 0 1 0 0 0 0 0 0 0 0 0 0  analog: 2.6783968719452593 0.0 0.0 0.0 0.0 0.0 0.0 0.0 0.0 0.0 0.0 0.0 0.0 0.0 
1572286161155 digital: 0 0 0 0 0 0 0 0 0 0 0 0 0 0  analog: 2.6783968719452593 0.0 0.0 0.0 0.0 0.0 0.0 0.0 0.0 0.0 0.0 0.0 0.0 0.0 
1572286162155 digital: 0 0 0 1 0 0 0 0 0 0 0 0 0 0  analog: 2.6783968719452593 0.0 0.0 0.0 0.0 0.0 0.0 0.0 0.0 0.0 0.0 0.0 0.0 0.0 
1572286181156 digital: 0 0 0 1 0 0 0 0 0 0 0 0 0 0  analog: 2.6783968719452593 2.5317693059628543 0.0 0.0 0.0 0.0 0.0 0.0 0.0 0.0 0.0 0.0 0.0 0.0 
1572286185157 digital: 0 0 0 0 0 0 0 0 0 0 0 0 0 0  analog: 2.6783968719452593 2.5317693059628543 0.0 0.0 0.0 0.0 0.0 0.0 0.0 0.0 0.0 0.0 0.0 0.0 
1572286186157 digital: 0 0 0 1 0 0 0 0 0 0 0 0 0 0  analog: 2.6783968719452593 2.5317693059628543 0.0 0.0 0.0 0.0 0.0 0.0 0.0 0.0 0.0 0.0 0.0 0.0 
1572286200157 digital: 0 0 0 1 0 0 0 0 0 0 0 0 0 0  analog: 2.6783968719452593 1.2512218963831867 0.0 0.0 0.0 0.0 0.0 0.0 0.0 0.0 0.0 0.0 0.0 0.0 
1572286207158 digital: 0 0 0 0 0 0 0 0 0 0 0 0 0 0  analog: 2.6783968719452593 1.2512218963831867 0.0 0.0 0.0 0.0 0.0 0.0 0.0 0.0 0.0 0.0 0.0 0.0 
1572286209158 digital: 0 0 0 1 0 0 0 0 0 0 0 0 0 0  analog: 2.6783968719452593 1.2512218963831867 0.0 0.0 0.0 0.0 0.0 0.0 0.0 0.0 0.0 0.0 0.0 0.0 
1572286253160 digital: 0 0 0 1 0 0 0 0 0 0 0 0 0 0  analog: 2.6783968719452593 2.80058651026393 0.0 0.0 0.0 0.0 0.0 0.0 0.0 0.0 0.0 0.0 0.0 0.0 
1572286258161 digital: 0 0 0 0 0 0 0 0 0 0 0 0 0 0  analog: 2.6783968719452593 2.80058651026393 0.0 0.0 0.0 0.0 0.0 0.0 0.0 0.0 0.0 0.0 0.0 0.0 
1572286260161 digital: 0 0 0 1 0 0 0 0 0 0 0 0 0 0  analog: 2.6783968719452593 2.80058651026393 0.0 0.0 0.0 0.0 0.0 0.0 0.0 0.0 0.0 0.0 0.0 0.0 
1572286279162 digital: 0 0 0 0 0 0 0 0 0 0 0 0 0 0  analog: 2.6783968719452593 2.80058651026393 0.0 0.0 0.0 0.0 0.0 0.0 0.0 0.0 0.0 0.0 0.0 0.0 
1572286280162 digital: 0 0 0 1 0 0 0 0 0 0 0 0 0 0  analog: 2.6783968719452593 2.5464320625610948 0.0 0.0 0.0 0.0 0.0 0.0 0.0 0.0 0.0 0.0 0.0 0.0 
1572286463173 digital: 0 0 0 1 0 0 0 0 0 0 0 0 0 0  analog: 2.6783968719452593 2.3167155425219943 0.0 0.0 0.0 0.0 0.0 0.0 0.0 0.0 0.0 0.0 0.0 0.0 
1572286466173 digital: 0 0 0 0 0 0 0 0 0 0 0 0 0 0  analog: 2.6783968719452593 2.3167155425219943 0.0 0.0 0.0 0.0 0.0 0.0 0.0 0.0 0.0 0.0 0.0 0.0 
1572286467173 digital: 0 0 0 1 0 0 0 0 0 0 0 0 0 0  analog: 2.6783968719452593 2.3167155425219943 0.0 0.0 0.0 0.0 0.0 0.0 0.0 0.0 0.0 0.0 0.0 0.0 
1572286588182 digital: 0 0 0 1 0 0 0 0 0 0 0 0 0 0  analog: 2.6783968719452593 2.2238514173998047 0.0 0.0 0.0 0.0 0.0 0.0 0.0 0.0 0.0 0.0 0.0 0.0 
1572286593182 digital: 0 0 0 0 0 0 0 0 0 0 0 0 0 0  analog: 2.6783968719452593 2.2238514173998047 0.0 0.0 0.0 0.0 0.0 0.0 0.0 0.0 0.0 0.0 0.0 0.0 
1572286594182 digital: 0 0 0 1 0 0 0 0 0 0 0 0 0 0  analog: 2.6783968719452593 2.2238514173998047 0.0 0.0 0.0 0.0 0.0 0.0 0.0 0.0 0.0 0.0 0.0 0.0 
1572286829196 digital: 0 0 0 1 0 0 0 0 0 0 0 0 0 0  analog: 2.6783968719452593 2.272727272727273 0.0 0.0 0.0 0.0 0.0 0.0 0.0 0.0 0.0 0.0 0.0 0.0 
1572286837197 digital: 0 0 0 0 0 0 0 0 0 0 0 0 0 0  analog: 2.6783968719452593 2.272727272727273 0.0 0.0 0.0 0.0 0.0 0.0 0.0 0.0 0.0 0.0 0.0 0.0 
1572286838197 digital: 0 0 0 1 0 0 0 0 0 0 0 0 0 0  analog: 2.6783968719452593 2.272727272727273 0.0 0.0 0.0 0.0 0.0 0.0 0.0 0.0 0.0 0.0 0.0 0.0 
time  digitalPinsStatus analogPinsStatus
1572454034231 digital: 0 0 0 1 0 0 0 0 0 0 0 0 0 0  analog: 0.0 0.0 0.0 0.0 0.0 0.0 0.0 0.0 0.0 0.0 0.0 0.0 0.0 0.0 
time  digitalPinsStatus analogPinsStatus
1572454264129 digital: 0 0 0 1 0 0 0 0 0 0 0 0 0 0  analog: 0.0 0.0 0.0 0.0 0.0 0.0 0.0 0.0 0.0 0.0 0.0 0.0 0.0 0.0 
time  digitalPinsStatus analogPinsStatus
1572454319671 digital: 0 0 0 1 0 0 0 0 0 0 0 0 0 0  analog: 0.0 0.0 0.0 0.0 0.0 0.0 0.0 0.0 0.0 0.0 0.0 0.0 0.0 0.0 
1572454324689 digital: 0 0 0 1 0 0 0 0 0 0 0 0 0 0  analog: 2.5562072336265884 0.0 0.0 0.0 0.0 0.0 0.0 0.0 0.0 0.0 0.0 0.0 0.0 0.0 
1572454330690 digital: 0 0 0 0 0 0 0 0 0 0 0 0 0 0  analog: 2.5562072336265884 0.0 0.0 0.0 0.0 0.0 0.0 0.0 0.0 0.0 0.0 0.0 0.0 0.0 
1572454331690 digital: 0 0 0 1 0 0 0 0 0 0 0 0 0 0  analog: 2.5562072336265884 0.0 0.0 0.0 0.0 0.0 0.0 0.0 0.0 0.0 0.0 0.0 0.0 0.0 
1572454335690 digital: 0 0 0 0 0 0 0 0 0 0 0 0 0 0  analog: 2.5562072336265884 0.0 0.0 0.0 0.0 0.0 0.0 0.0 0.0 0.0 0.0 0.0 0.0 0.0 
1572454615707 digital: 0 0 0 1 0 0 0 0 0 0 0 0 0 0  analog: 2.5562072336265884 0.0 0.0 0.0 0.0 0.0 0.0 0.0 0.0 0.0 0.0 0.0 0.0 0.0 
1572454943730 digital: 0 0 0 1 0 0 0 0 0 0 0 0 0 0  analog: 2.5562072336265884 2.3655913978494625 0.0 0.0 0.0 0.0 0.0 0.0 0.0 0.0 0.0 0.0 0.0 0.0 
1572454946730 digital: 0 0 0 0 0 0 0 0 0 0 0 0 0 0  analog: 2.5562072336265884 2.3655913978494625 0.0 0.0 0.0 0.0 0.0 0.0 0.0 0.0 0.0 0.0 0.0 0.0 
1572454972734 digital: 0 0 0 1 0 0 0 0 0 0 0 0 0 0  analog: 2.5562072336265884 2.3655913978494625 0.0 0.0 0.0 0.0 0.0 0.0 0.0 0.0 0.0 0.0 0.0 0.0 
1572454997735 digital: 0 0 0 0 0 0 0 0 0 0 0 0 0 0  analog: 2.5562072336265884 2.3655913978494625 0.0 0.0 0.0 0.0 0.0 0.0 0.0 0.0 0.0 0.0 0.0 0.0 
1572454998735 digital: 0 0 0 1 0 0 0 0 0 0 0 0 0 0  analog: 2.5562072336265884 2.3655913978494625 0.0 0.0 0.0 0.0 0.0 0.0 0.0 0.0 0.0 0.0 0.0 0.0 
1572454999735 digital: 0 0 0 0 0 0 0 0 0 0 0 0 0 0  analog: 2.5562072336265884 2.3655913978494625 0.0 0.0 0.0 0.0 0.0 0.0 0.0 0.0 0.0 0.0 0.0 0.0 
1572455000744 digital: 0 0 0 1 0 0 0 0 0 0 0 0 0 0  analog: 2.5562072336265884 2.3655913978494625 0.0 0.0 0.0 0.0 0.0 0.0 0.0 0.0 0.0 0.0 0.0 0.0 
1572455002744 digital: 0 0 0 0 0 0 0 0 0 0 0 0 0 0  analog: 2.5562072336265884 2.3655913978494625 0.0 0.0 0.0 0.0 0.0 0.0 0.0 0.0 0.0 0.0 0.0 0.0 
1572455003744 digital: 0 0 0 1 0 0 0 0 0 0 0 0 0 0  analog: 2.5562072336265884 2.3655913978494625 0.0 0.0 0.0 0.0 0.0 0.0 0.0 0.0 0.0 0.0 0.0 0.0 
1572455004745 digital: 0 0 0 0 0 0 0 0 0 0 0 0 0 0  analog: 2.5562072336265884 2.3655913978494625 0.0 0.0 0.0 0.0 0.0 0.0 0.0 0.0 0.0 0.0 0.0 0.0 
1572455006745 digital: 0 0 0 1 0 0 0 0 0 0 0 0 0 0  analog: 2.5562072336265884 2.3655913978494625 0.0 0.0 0.0 0.0 0.0 0.0 0.0 0.0 0.0 0.0 0.0 0.0 
1572455007745 digital: 0 0 0 0 0 0 0 0 0 0 0 0 0 0  analog: 2.5562072336265884 2.3655913978494625 0.0 0.0 0.0 0.0 0.0 0.0 0.0 0.0 0.0 0.0 0.0 0.0 
1572455008745 digital: 0 0 0 1 0 0 0 0 0 0 0 0 0 0  analog: 2.5562072336265884 2.3655913978494625 0.0 0.0 0.0 0.0 0.0 0.0 0.0 0.0 0.0 0.0 0.0 0.0 
1572455146753 digital: 0 0 0 1 0 0 0 0 0 0 0 0 0 0  analog: 2.5562072336265884 2.346041055718475 0.0 0.0 0.0 0.0 0.0 0.0 0.0 0.0 0.0 0.0 0.0 0.0 
1572455180759 digital: 0 0 0 0 0 0 0 0 0 0 0 0 0 0  analog: 2.5562072336265884 2.346041055718475 0.0 0.0 0.0 0.0 0.0 0.0 0.0 0.0 0.0 0.0 0.0 0.0 
1572455181759 digital: 0 0 0 1 0 0 0 0 0 0 0 0 0 0  analog: 2.5562072336265884 2.346041055718475 0.0 0.0 0.0 0.0 0.0 0.0 0.0 0.0 0.0 0.0 0.0 0.0 
1572455182759 digital: 0 0 0 0 0 0 0 0 0 0 0 0 0 0  analog: 2.5562072336265884 2.346041055718475 0.0 0.0 0.0 0.0 0.0 0.0 0.0 0.0 0.0 0.0 0.0 0.0 
1572455183759 digital: 0 0 0 1 0 0 0 0 0 0 0 0 0 0  analog: 2.5562072336265884 2.346041055718475 0.0 0.0 0.0 0.0 0.0 0.0 0.0 0.0 0.0 0.0 0.0 0.0 
1572455184759 digital: 0 0 0 0 0 0 0 0 0 0 0 0 0 0  analog: 2.5562072336265884 2.346041055718475 0.0 0.0 0.0 0.0 0.0 0.0 0.0 0.0 0.0 0.0 0.0 0.0 
1572455185759 digital: 0 0 0 1 0 0 0 0 0 0 0 0 0 0  analog: 2.5562072336265884 2.346041055718475 0.0 0.0 0.0 0.0 0.0 0.0 0.0 0.0 0.0 0.0 0.0 0.0 
1572456544886 digital: 0 0 0 0 0 0 0 0 0 0 0 0 0 0  analog: 2.5562072336265884 2.346041055718475 0.0 0.0 0.0 0.0 0.0 0.0 0.0 0.0 0.0 0.0 0.0 0.0 
1572456546886 digital: 0 0 0 0 0 0 0 0 0 0 0 0 0 0  analog: 2.5562072336265884 2.5464320625610948 0.0 0.0 0.0 0.0 0.0 0.0 0.0 0.0 0.0 0.0 0.0 0.0 
1572456551886 digital: 0 0 0 1 0 0 0 0 0 0 0 0 0 0  analog: 2.5562072336265884 2.5464320625610948 0.0 0.0 0.0 0.0 0.0 0.0 0.0 0.0 0.0 0.0 0.0 0.0 
1572456580896 digital: 0 0 0 0 0 0 0 0 0 0 0 0 0 0  analog: 2.5562072336265884 2.5464320625610948 0.0 0.0 0.0 0.0 0.0 0.0 0.0 0.0 0.0 0.0 0.0 0.0 
1572456581896 digital: 0 0 0 1 0 0 0 0 0 0 0 0 0 0  analog: 2.5562072336265884 2.5464320625610948 0.0 0.0 0.0 0.0 0.0 0.0 0.0 0.0 0.0 0.0 0.0 0.0 
1572456648910 digital: 0 0 0 0 0 0 0 0 0 0 0 0 0 0  analog: 2.5562072336265884 2.5464320625610948 0.0 0.0 0.0 0.0 0.0 0.0 0.0 0.0 0.0 0.0 0.0 0.0 
1572456649910 digital: 0 0 0 1 0 0 0 0 0 0 0 0 0 0  analog: 2.5562072336265884 2.5464320625610948 0.0 0.0 0.0 0.0 0.0 0.0 0.0 0.0 0.0 0.0 0.0 0.0 
1572456650910 digital: 0 0 0 0 0 0 0 0 0 0 0 0 0 0  analog: 2.5562072336265884 2.5464320625610948 0.0 0.0 0.0 0.0 0.0 0.0 0.0 0.0 0.0 0.0 0.0 0.0 
1572456651910 digital: 0 0 0 1 0 0 0 0 0 0 0 0 0 0  analog: 2.5562072336265884 2.5464320625610948 0.0 0.0 0.0 0.0 0.0 0.0 0.0 0.0 0.0 0.0 0.0 0.0 
1572456670911 digital: 0 0 0 1 0 0 0 0 0 0 0 0 0 0  analog: 2.5562072336265884 1.2218963831867058 0.0 0.0 0.0 0.0 0.0 0.0 0.0 0.0 0.0 0.0 0.0 0.0 
1572456672911 digital: 0 0 0 0 0 0 0 0 0 0 0 0 0 0  analog: 2.5562072336265884 1.2218963831867058 0.0 0.0 0.0 0.0 0.0 0.0 0.0 0.0 0.0 0.0 0.0 0.0 
1572456673911 digital: 0 0 0 1 0 0 0 0 0 0 0 0 0 0  analog: 2.5562072336265884 1.2218963831867058 0.0 0.0 0.0 0.0 0.0 0.0 0.0 0.0 0.0 0.0 0.0 0.0 
1572456674912 digital: 0 0 0 0 0 0 0 0 0 0 0 0 0 0  analog: 2.5562072336265884 1.2218963831867058 0.0 0.0 0.0 0.0 0.0 0.0 0.0 0.0 0.0 0.0 0.0 0.0 
1572456675912 digital: 0 0 0 1 0 0 0 0 0 0 0 0 0 0  analog: 2.5562072336265884 1.2218963831867058 0.0 0.0 0.0 0.0 0.0 0.0 0.0 0.0 0.0 0.0 0.0 0.0 
1572456685915 digital: 0 0 0 0 0 0 0 0 0 0 0 0 0 0  analog: 2.5562072336265884 1.2218963831867058 0.0 0.0 0.0 0.0 0.0 0.0 0.0 0.0 0.0 0.0 0.0 0.0 
time  digitalPinsStatus analogPinsStatus
1572691004532 digital: 0 0 0 0 0 0 0 0 0 0 0 0 0 0  analog: 0.0 0.0 0.0 0.0 0.0 0.0 0.0 0.0 0.0 0.0 0.0 0.0 0.0 0.0 
time  digitalPinsStatus analogPinsStatus
1572691140280 digital: 0 0 0 0 0 0 0 0 0 0 0 0 0 0  analog: 0.0 0.0 0.0 0.0 0.0 0.0 0.0 0.0 0.0 0.0 0.0 0.0 0.0 0.0 
time  digitalPinsStatus analogPinsStatus
1572691250839 digital: 0 0 0 0 0 0 0 0 0 0 0 0 0 0  analog: 0.0 0.0 0.0 0.0 0.0 0.0 0.0 0.0 0.0 0.0 0.0 0.0 0.0 0.0 
1572691255841 digital: 0 0 0 0 0 0 0 0 0 0 0 0 0 0  analog: 2.512218963831867 0.0 0.0 0.0 0.0 0.0 0.0 0.0 0.0 0.0 0.0 0.0 0.0 0.0 
1572691281843 digital: 0 0 0 1 0 0 0 0 0 0 0 0 0 0  analog: 2.512218963831867 0.0 0.0 0.0 0.0 0.0 0.0 0.0 0.0 0.0 0.0 0.0 0.0 0.0 
1572691283843 digital: 0 0 0 0 0 0 0 0 0 0 0 0 0 0  analog: 2.512218963831867 0.0 0.0 0.0 0.0 0.0 0.0 0.0 0.0 0.0 0.0 0.0 0.0 0.0 
1572691284843 digital: 0 0 0 1 0 0 0 0 0 0 0 0 0 0  analog: 2.512218963831867 0.0 0.0 0.0 0.0 0.0 0.0 0.0 0.0 0.0 0.0 0.0 0.0 0.0 
1572691285844 digital: 0 0 0 0 0 0 0 0 0 0 0 0 0 0  analog: 2.512218963831867 0.0 0.0 0.0 0.0 0.0 0.0 0.0 0.0 0.0 0.0 0.0 0.0 0.0 
1572691286844 digital: 0 0 0 1 0 0 0 0 0 0 0 0 0 0  analog: 2.512218963831867 0.0 0.0 0.0 0.0 0.0 0.0 0.0 0.0 0.0 0.0 0.0 0.0 0.0 
1572691513857 digital: 0 0 0 0 0 0 0 0 0 0 0 0 0 0  analog: 2.512218963831867 0.0 0.0 0.0 0.0 0.0 0.0 0.0 0.0 0.0 0.0 0.0 0.0 0.0 
1572691515857 digital: 0 0 0 1 0 0 0 0 0 0 0 0 0 0  analog: 2.512218963831867 0.0 0.0 0.0 0.0 0.0 0.0 0.0 0.0 0.0 0.0 0.0 0.0 0.0 
1572691889881 digital: 0 0 0 0 0 0 0 0 0 0 0 0 0 0  analog: 2.512218963831867 0.0 0.0 0.0 0.0 0.0 0.0 0.0 0.0 0.0 0.0 0.0 0.0 0.0 
1572691955885 digital: 0 0 0 1 0 0 0 0 0 0 0 0 0 0  analog: 2.512218963831867 0.0 0.0 0.0 0.0 0.0 0.0 0.0 0.0 0.0 0.0 0.0 0.0 0.0 
time  digitalPinsStatus analogPinsStatus
1572694395794 digital: 0 0 0 1 0 0 0 0 0 0 0 0 0 0  analog: 0.0 0.0 0.0 0.0 0.0 0.0 0.0 0.0 0.0 0.0 0.0 0.0 0.0 0.0 
1572694400795 digital: 0 0 0 1 0 0 0 0 0 0 0 0 0 0  analog: 0.0 0.0 0.0 0.0 0.0 1.9990224828934506 0.0 0.0 0.0 0.0 0.0 0.0 0.0 0.0 
1572694539805 digital: 0 0 0 0 0 0 0 0 0 0 0 0 0 0  analog: 0.0 0.0 0.0 0.0 0.0 1.9990224828934506 0.0 0.0 0.0 0.0 0.0 0.0 0.0 0.0 
1572694540805 digital: 0 0 0 0 0 0 0 0 0 0 0 0 0 0  analog: 0.0 1.0654936461388074 0.9726295210166178 0.0 0.0 1.9990224828934506 0.0 0.0 0.0 0.0 0.0 0.0 0.0 0.0 
1572694550805 digital: 0 0 0 0 0 0 0 0 0 0 0 0 0 0  analog: 0.0 1.1192570869990226 1.1290322580645162 0.0 0.0 1.9990224828934506 0.0 0.0 0.0 0.0 0.0 0.0 0.0 0.0 
1572694552805 digital: 0 0 0 0 0 0 0 0 0 0 0 0 0 0  analog: 0.0 1.1143695014662758 1.1290322580645162 0.0 0.0 1.9990224828934506 0.0 0.0 0.0 0.0 0.0 0.0 0.0 0.0 
1572694568806 digital: 0 0 0 0 0 0 0 0 0 0 0 0 0 0  analog: 0.0 1.1192570869990226 1.1388074291300099 0.0 0.0 1.9990224828934506 0.0 0.0 0.0 0.0 0.0 0.0 0.0 0.0 
1572694572807 digital: 0 0 0 0 0 0 0 0 0 0 0 0 0 0  analog: 0.0 1.1143695014662758 1.133919843597263 0.0 0.0 1.9990224828934506 0.0 0.0 0.0 0.0 0.0 0.0 0.0 0.0 
1572694725815 digital: 0 0 0 0 0 0 0 0 0 0 0 0 0 0  analog: 0.0 1.520039100684262 1.4760508308895406 0.0 0.0 1.9990224828934506 0.0 0.0 0.0 0.0 0.0 0.0 0.0 0.0 
1572694732816 digital: 0 0 0 0 0 0 0 0 0 0 0 0 0 0  analog: 0.0 1.1143695014662758 1.1290322580645162 0.0 0.0 1.9990224828934506 0.0 0.0 0.0 0.0 0.0 0.0 0.0 0.0 
1572695210849 digital: 0 0 0 0 0 0 0 0 0 0 0 0 0 0  analog: 0.0 5.0 3.4604105571847508 0.0 0.0 1.9990224828934506 0.0 0.0 0.0 0.0 0.0 0.0 0.0 0.0 
1572695212849 digital: 0 0 0 0 0 0 0 0 0 0 0 0 0 0  analog: 0.0 5.0 3.6265884652981426 0.0 0.0 1.9990224828934506 0.0 0.0 0.0 0.0 0.0 0.0 0.0 0.0 
1572695300863 digital: 0 0 0 0 0 0 0 0 0 0 0 0 0 0  analog: 0.0 2.6392961876832843 3.6265884652981426 0.0 0.0 1.9990224828934506 0.0 0.0 0.0 0.0 0.0 0.0 0.0 0.0 
1572695303863 digital: 0 0 0 0 0 0 0 0 0 0 0 0 0 0  analog: 0.0 2.8103616813294234 3.6265884652981426 0.0 0.0 1.9990224828934506 0.0 0.0 0.0 0.0 0.0 0.0 0.0 0.0 
1572695309864 digital: 0 0 0 0 0 0 0 0 0 0 0 0 0 0  analog: 0.0 2.6344086021505375 1.4467253176930597 0.0 0.0 1.9990224828934506 0.0 0.0 0.0 0.0 0.0 0.0 0.0 0.0 
1572695507881 digital: 0 0 0 0 0 0 0 0 0 0 0 0 0 0  analog: 0.0 4.755620723362659 5.0 0.0 0.0 1.9990224828934506 0.0 0.0 0.0 0.0 0.0 0.0 0.0 0.0 
1572695673894 digital: 0 0 0 0 0 0 0 0 0 0 0 0 0 0  analog: 0.0 3.8074291300097753 3.1915933528836757 0.0 0.0 1.9990224828934506 0.0 0.0 0.0 0.0 0.0 0.0 0.0 0.0 
1572695680894 digital: 0 0 0 0 0 0 0 0 0 0 0 0 0 0  analog: 0.0 3.817204301075269 3.260019550342131 0.0 0.0 1.9990224828934506 0.0 0.0 0.0 0.0 0.0 0.0 0.0 0.0 
1572695765916 digital: 0 0 0 0 0 0 0 0 0 0 0 0 0 0  analog: 0.0 2.590420332355816 2.409579667644184 0.0 0.0 1.9990224828934506 0.0 0.0 0.0 0.0 0.0 0.0 0.0 0.0 
1572696429971 digital: 0 0 0 0 0 0 0 0 0 0 0 0 0 0  analog: 0.0 0.0 4.956011730205279 0.0 0.0 1.9990224828934506 0.0 0.0 0.0 0.0 0.0 0.0 0.0 0.0 
1572696437971 digital: 0 0 0 0 0 0 0 0 0 0 0 0 0 0  analog: 0.0 0.0 4.9608993157380255 0.855327468230694 3.4164222873900294 1.9990224828934506 0.0 0.0 0.0 0.0 0.0 0.0 0.0 0.0 
1572696458972 digital: 0 0 0 0 0 0 0 0 0 0 0 0 0 0  analog: 0.0 0.0 4.956011730205279 0.855327468230694 3.4164222873900294 1.9990224828934506 0.0 0.0 0.0 0.0 0.0 0.0 0.0 0.0 
1572696474973 digital: 0 0 0 0 0 0 0 0 0 0 0 0 0 0  analog: 0.0 0.0 4.951124144672532 0.855327468230694 3.4164222873900294 1.9990224828934506 0.0 0.0 0.0 0.0 0.0 0.0 0.0 0.0 
1572696475973 digital: 0 0 0 0 0 0 0 0 0 0 0 0 0 0  analog: 0.0 0.0 4.956011730205279 1.04594330400782 0.5474095796676443 1.9990224828934506 0.0 0.0 0.0 0.0 0.0 0.0 0.0 0.0 
1572696557984 digital: 0 0 0 0 0 0 0 0 0 0 0 0 0 0  analog: 0.0 0.0 4.956011730205279 1.0361681329423265 0.5425219941348973 1.9990224828934506 0.0 0.0 0.0 0.0 0.0 0.0 0.0 0.0 
1572696633995 digital: 0 0 0 0 0 0 0 0 0 0 0 0 0 0  analog: 0.0 0.0 4.9608993157380255 1.0361681329423265 0.5425219941348973 1.9990224828934506 0.0 0.0 0.0 0.0 0.0 0.0 0.0 0.0 
time  digitalPinsStatus analogPinsStatus
1572718977835 digital: 0 0 0 0 0 0 0 0 0 0 0 0 0 0  analog: 0.0 0.0 0.0 0.0 0.0 0.0 0.0 0.0 0.0 0.0 0.0 0.0 0.0 0.0 
1572718982836 digital: 0 0 0 0 0 0 0 0 0 0 0 0 0 0  analog: 0.0 0.0 0.0 0.0 0.0 1.9990224828934506 0.0 0.0 0.0 0.0 0.0 0.0 0.0 0.0 
1572719002840 digital: 0 0 0 0 0 0 0 0 0 0 0 0 0 0  analog: 0.0 0.0 1.109481915933529 0.0 0.0 1.9990224828934506 0.0 0.0 0.0 0.0 0.0 0.0 0.0 0.0 
1572719005840 digital: 0 0 0 0 0 0 0 0 0 0 0 0 0 0  analog: 0.0 0.0 0.581622678396872 0.0 0.0 1.9990224828934506 0.0 0.0 0.0 0.0 0.0 0.0 0.0 0.0 
1572719010840 digital: 0 0 0 0 0 0 0 0 0 0 0 0 0 0  analog: 0.0 0.0 0.5620723362658847 0.0 0.0 1.9990224828934506 0.0 0.0 0.0 0.0 0.0 0.0 0.0 0.0 
1572719012840 digital: 0 0 0 0 0 0 0 0 0 0 0 0 0 0  analog: 0.0 0.0 0.5180840664711632 0.0 0.0 1.9990224828934506 0.0 0.0 0.0 0.0 0.0 0.0 0.0 0.0 
1572719015841 digital: 0 0 0 0 0 0 0 0 0 0 0 0 0 0  analog: 0.0 0.0 0.5180840664711632 0.0 0.0 0.6989247311827957 0.0 0.0 0.0 0.0 0.0 0.0 0.0 0.0 
1572719020841 digital: 0 0 0 0 0 0 0 0 0 0 0 0 0 0  analog: 0.0 0.0 0.581622678396872 0.0 0.0 0.6989247311827957 0.0 0.0 0.0 0.0 0.0 0.0 0.0 0.0 
1572719021841 digital: 0 0 0 0 0 0 0 0 0 0 0 0 0 0  analog: 0.0 0.0 0.49853372434017595 0.0 0.0 0.6989247311827957 0.0 0.0 0.0 0.0 0.0 0.0 0.0 0.0 
1572719109846 digital: 0 0 0 0 0 0 0 0 0 0 0 0 0 0  analog: 0.0 0.0 3.396871945259042 0.0 0.0 0.6989247311827957 0.0 0.0 0.0 0.0 0.0 0.0 0.0 0.0 
1572719121847 digital: 0 0 0 0 0 0 0 0 0 0 0 0 0 0  analog: 0.0 0.0 0.5474095796676443 0.0 0.0 0.6989247311827957 0.0 0.0 0.0 0.0 0.0 0.0 0.0 0.0 
1572719124847 digital: 0 0 0 0 0 0 0 0 0 0 0 0 0 0  analog: 0.0 0.0 0.5180840664711632 0.0 0.0 0.6989247311827957 0.0 0.0 0.0 0.0 0.0 0.0 0.0 0.0 
1572719133848 digital: 0 0 0 0 0 0 0 0 0 0 0 0 0 0  analog: 0.0 0.0 0.5180840664711632 4.951124144672532 0.0 0.6989247311827957 0.0 0.0 0.0 0.0 0.0 0.0 0.0 0.0 
1572719134848 digital: 0 0 0 0 0 0 0 0 0 0 0 0 0 0  analog: 0.0 0.0 3.3626588465298144 4.951124144672532 0.0 0.6989247311827957 0.0 0.0 0.0 0.0 0.0 0.0 0.0 0.0 
1572719139849 digital: 0 0 0 0 0 0 0 0 0 0 0 0 0 0  analog: 0.0 0.0 0.718475073313783 4.951124144672532 0.0 0.6989247311827957 0.0 0.0 0.0 0.0 0.0 0.0 0.0 0.0 
1572719141849 digital: 0 0 0 0 0 0 0 0 0 0 0 0 0 0  analog: 0.0 0.0 0.5962854349951124 4.951124144672532 0.0 0.6989247311827957 0.0 0.0 0.0 0.0 0.0 0.0 0.0 0.0 
1572719196852 digital: 0 0 0 0 0 0 0 0 0 0 0 0 0 0  analog: 0.0 0.0 0.5962854349951124 4.956011730205279 0.0 0.6989247311827957 0.0 0.0 0.0 0.0 0.0 0.0 0.0 0.0 
1572719201852 digital: 0 0 0 0 0 0 0 0 0 0 0 0 0 0  analog: 0.0 0.0 0.5962854349951124 4.951124144672532 0.0 0.6989247311827957 0.0 0.0 0.0 0.0 0.0 0.0 0.0 0.0 
1572719207853 digital: 0 0 0 0 0 0 0 0 0 0 0 0 0 0  analog: 0.0 0.0 0.5962854349951124 4.956011730205279 0.0 0.6989247311827957 0.0 0.0 0.0 0.0 0.0 0.0 0.0 0.0 
1572719231854 digital: 0 0 0 0 0 0 0 0 0 0 0 0 0 0  analog: 0.0 0.0 0.5962854349951124 0.0 4.9608993157380255 0.6989247311827957 0.0 0.0 0.0 0.0 0.0 0.0 0.0 0.0 
time  digitalPinsStatus analogPinsStatus
1572719415994 digital: 0 0 0 0 0 0 0 0 0 0 0 0 0 0  analog: 0.0 0.0 0.0 0.0 0.0 0.0 0.0 0.0 0.0 0.0 0.0 0.0 0.0 0.0 
1572719421022 digital: 0 0 0 0 0 0 0 0 0 0 0 0 0 0  analog: 0.0 0.0 0.0 0.0 0.0 0.7820136852394917 0.0 0.0 0.0 0.0 0.0 0.0 0.0 0.0 
1572719427024 digital: 0 0 0 0 0 0 0 0 0 0 0 0 0 0  analog: 0.0 0.0 0.0 0.0 4.9608993157380255 0.7820136852394917 0.0 0.0 0.0 0.0 0.0 0.0 0.0 0.0 
1572719428024 digital: 0 0 0 0 0 0 0 0 0 0 0 0 0 0  analog: 0.0 0.0 1.0019550342130987 0.0 4.9608993157380255 0.7820136852394917 0.0 0.0 0.0 0.0 0.0 0.0 0.0 0.0 
1572719438025 digital: 0 0 0 0 0 0 0 0 0 0 0 0 0 0  analog: 0.0 0.0 1.0019550342130987 0.0 4.956011730205279 0.7820136852394917 0.0 0.0 0.0 0.0 0.0 0.0 0.0 0.0 
time  digitalPinsStatus analogPinsStatus
1572719499923 digital: 0 0 0 0 0 0 0 0 0 0 0 0 0 0  analog: 0.0 0.0 0.0 0.0 0.0 0.0 0.0 0.0 0.0 0.0 0.0 0.0 0.0 0.0 
1572719504926 digital: 0 0 0 0 0 0 0 0 0 0 0 0 0 0  analog: 0.0 0.0 0.0 0.0 0.0 0.5474095796676443 0.0 0.0 0.0 0.0 0.0 0.0 0.0 0.0 
1572719510926 digital: 0 0 0 0 0 0 0 0 0 0 0 0 0 0  analog: 0.0 0.0 0.0 0.0 4.9608993157380255 0.5474095796676443 0.0 0.0 0.0 0.0 0.0 0.0 0.0 0.0 
1572719547928 digital: 0 0 0 0 0 0 0 0 0 0 0 0 0 0  analog: 0.0 0.0 0.0 0.0 0.0 0.5474095796676443 0.0 0.0 0.0 0.0 0.0 0.0 0.0 0.0 
1572719564929 digital: 0 0 0 0 0 0 0 0 0 0 0 0 0 0  analog: 0.0 0.0 0.0 0.0 4.9608993157380255 0.5474095796676443 0.0 0.0 0.0 0.0 0.0 0.0 0.0 0.0 
1572719570929 digital: 0 0 0 0 0 0 0 0 0 0 0 0 0 0  analog: 0.0 0.0 0.0 4.956011730205279 0.0 0.5474095796676443 0.0 0.0 0.0 0.0 0.0 0.0 0.0 0.0 
1572719576930 digital: 0 0 0 0 0 0 1 0 0 0 0 0 0 0  analog: 0.0 0.0 0.0 4.956011730205279 0.0 0.5474095796676443 0.0 0.0 0.0 0.0 0.0 0.0 0.0 0.0 
1572719577930 digital: 0 0 0 0 0 0 1 0 0 0 0 0 0 0  analog: 0.0 0.0 0.0 0.0 4.9608993157380255 0.5474095796676443 0.0 0.0 0.0 0.0 0.0 0.0 0.0 0.0 
1572719582930 digital: 0 0 0 0 0 0 0 0 0 0 0 0 0 0  analog: 0.0 0.0 0.0 0.0 4.9608993157380255 0.5474095796676443 0.0 0.0 0.0 0.0 0.0 0.0 0.0 0.0 
1572719583930 digital: 0 0 0 0 0 0 0 0 0 0 0 0 0 0  analog: 0.0 0.0 0.0 4.9608993157380255 0.0 0.5474095796676443 0.0 0.0 0.0 0.0 0.0 0.0 0.0 0.0 
1572719585930 digital: 0 0 0 0 0 0 1 0 0 0 0 0 0 0  analog: 0.0 0.0 0.0 4.9608993157380255 0.0 0.5474095796676443 0.0 0.0 0.0 0.0 0.0 0.0 0.0 0.0 
1572719586930 digital: 0 0 0 0 0 0 1 0 0 0 0 0 0 0  analog: 0.0 0.0 0.0 0.0 0.0 0.5474095796676443 0.0 0.0 0.0 0.0 0.0 0.0 0.0 0.0 
1572719591931 digital: 0 0 0 0 0 0 0 0 0 0 0 0 0 0  analog: 0.0 0.0 0.0 0.0 0.0 0.5474095796676443 0.0 0.0 0.0 0.0 0.0 0.0 0.0 0.0 
1572719592931 digital: 0 0 0 0 0 0 0 0 0 0 0 0 0 0  analog: 0.0 0.0 0.0 4.956011730205279 0.0 0.5474095796676443 0.0 0.0 0.0 0.0 0.0 0.0 0.0 0.0 
time  digitalPinsStatus analogPinsStatus
1572785127227 digital: 0 0 0 0 0 0 0 0 0 0 0 0 0 0  analog: 0.0 0.0 0.0 0.0 0.0 0.0 0.0 0.0 0.0 0.0 0.0 0.0 0.0 0.0 
time  digitalPinsStatus analogPinsStatus
1572785219120 digital: 0 0 0 0 0 0 0 0 0 0 0 0 0 0  analog: 0.0 0.0 0.0 0.0 0.0 0.0 0.0 0.0 0.0 0.0 0.0 0.0 0.0 0.0 
1572785224121 digital: 0 0 0 0 0 0 0 0 0 0 0 0 0 0  analog: 0.0 0.0 2.2580645161290325 0.0 0.0 0.0 0.0 0.0 0.0 0.0 0.0 0.0 0.0 0.0 
1572785243122 digital: 0 0 0 0 0 0 0 0 0 0 0 0 0 0  analog: 0.0 0.0 0.6549364613880743 0.0 0.0 0.0 0.0 0.0 0.0 0.0 0.0 0.0 0.0 0.0 
1572785245122 digital: 0 0 0 0 0 0 0 0 0 0 0 0 0 0  analog: 0.0 0.0 0.5962854349951124 0.0 0.0 0.0 0.0 0.0 0.0 0.0 0.0 0.0 0.0 0.0 
1572785248122 digital: 0 0 0 0 0 0 0 0 0 0 0 0 0 0  analog: 0.0 0.0 0.5962854349951124 4.9608993157380255 0.0 0.0 0.0 0.0 0.0 0.0 0.0 0.0 0.0 0.0 
1572785254122 digital: 0 0 0 0 0 0 0 0 1 0 0 0 0 0  analog: 0.0 0.0 0.5962854349951124 4.9608993157380255 0.0 0.0 0.0 0.0 0.0 0.0 0.0 0.0 0.0 0.0 
1572785255122 digital: 0 0 0 0 0 0 0 0 1 0 0 0 0 0  analog: 0.0 0.0 0.5962854349951124 4.9608993157380255 0.0 3.3088954056695994 0.0 0.0 0.0 0.0 0.0 0.0 0.0 0.0 
1572785265123 digital: 0 0 0 0 0 0 0 0 1 0 0 0 0 0  analog: 0.0 0.0 0.5962854349951124 4.9608993157380255 0.0 1.109481915933529 0.0 0.0 0.0 0.0 0.0 0.0 0.0 0.0 
1572785267123 digital: 0 0 0 0 0 0 0 0 1 0 0 0 0 0  analog: 0.0 0.0 3.3822091886608017 4.9608993157380255 0.0 1.109481915933529 0.0 0.0 0.0 0.0 0.0 0.0 0.0 0.0 
1572785276124 digital: 0 0 0 0 0 0 0 0 1 0 0 0 0 0  analog: 0.0 0.0 3.3822091886608017 4.956011730205279 0.0 1.109481915933529 0.0 0.0 0.0 0.0 0.0 0.0 0.0 0.0 
1572785288125 digital: 0 0 0 0 0 0 0 0 1 0 1 0 0 0  analog: 0.0 0.0 3.3822091886608017 4.956011730205279 0.0 1.109481915933529 0.0 0.0 0.0 0.0 0.0 0.0 0.0 0.0 
1572785348129 digital: 0 0 0 0 0 0 1 0 1 0 1 0 0 0  analog: 0.0 0.0 3.3822091886608017 4.956011730205279 0.0 1.109481915933529 0.0 0.0 0.0 0.0 0.0 0.0 0.0 0.0 
1572785373130 digital: 0 0 0 0 0 0 1 0 1 0 1 0 0 0  analog: 0.0 0.0 3.3822091886608017 4.9608993157380255 0.0 1.109481915933529 0.0 0.0 0.0 0.0 0.0 0.0 0.0 0.0 
1572785375130 digital: 0 0 0 0 0 0 1 0 1 0 1 0 0 0  analog: 0.0 0.0 3.3822091886608017 4.956011730205279 0.0 1.109481915933529 0.0 0.0 0.0 0.0 0.0 0.0 0.0 0.0 
1572785977192 digital: 0 0 0 0 0 0 1 0 1 0 1 0 0 0  analog: 0.0 0.0 3.401759530791789 4.956011730205279 0.0 1.109481915933529 0.0 0.0 0.0 0.0 0.0 0.0 0.0 0.0 
1572786024194 digital: 0 0 0 0 0 0 1 0 1 0 1 0 0 0  analog: 0.0 0.0 0.6549364613880743 4.956011730205279 0.0 1.109481915933529 0.0 0.0 0.0 0.0 0.0 0.0 0.0 0.0 
1572786027195 digital: 0 0 0 0 0 0 1 0 1 0 1 0 0 0  analog: 0.0 0.0 0.6011730205278593 4.956011730205279 0.0 1.109481915933529 0.0 0.0 0.0 0.0 0.0 0.0 0.0 0.0 
1572786079197 digital: 0 0 0 0 0 0 1 0 1 0 1 0 0 0  analog: 0.0 0.0 0.5522971652003911 4.956011730205279 0.0 1.109481915933529 0.0 0.0 0.0 0.0 0.0 0.0 0.0 0.0 
1572786080198 digital: 0 0 0 0 0 0 1 0 1 0 1 0 0 0  analog: 0.0 0.0 0.47409579667644186 4.956011730205279 0.0 1.109481915933529 0.0 0.0 0.0 0.0 0.0 0.0 0.0 0.0 
1572786112200 digital: 0 0 0 0 0 0 1 0 1 0 1 0 0 0  analog: 0.0 0.0 0.47409579667644186 4.956011730205279 0.0 0.47409579667644186 0.0 0.0 0.0 0.0 0.0 0.0 0.0 0.0 
1572786116210 digital: 0 0 0 0 0 0 1 0 0 0 1 0 0 0  analog: 0.0 0.0 0.47409579667644186 4.956011730205279 0.0 0.47409579667644186 0.0 0.0 0.0 0.0 0.0 0.0 0.0 0.0 
1572786117210 digital: 0 0 0 0 0 0 1 0 0 0 1 0 0 0  analog: 0.0 0.0 0.47409579667644186 4.956011730205279 0.0 0.9384164222873901 0.0 0.0 0.0 0.0 0.0 0.0 0.0 0.0 
1572786130210 digital: 0 0 0 0 0 0 1 0 0 0 1 0 0 0  analog: 0.0 0.0 3.367546432062561 4.956011730205279 0.0 0.9384164222873901 0.0 0.0 0.0 0.0 0.0 0.0 0.0 0.0 
1572786134211 digital: 0 0 0 0 0 0 1 0 0 0 1 0 0 0  analog: 0.0 0.0 0.7429130009775171 4.956011730205279 0.0 0.9384164222873901 0.0 0.0 0.0 0.0 0.0 0.0 0.0 0.0 
1572786154214 digital: 0 0 0 0 0 0 1 0 0 0 1 0 0 0  analog: 0.0 4.956011730205279 3.450635386119257 4.956011730205279 0.0 0.9384164222873901 0.0 0.0 0.0 0.0 0.0 0.0 0.0 0.0 
1572786158214 digital: 0 0 0 0 0 0 1 0 0 0 1 0 0 0  analog: 0.0 4.9608993157380255 3.5190615835777126 4.956011730205279 0.0 0.9384164222873901 0.0 0.0 0.0 0.0 0.0 0.0 0.0 0.0 
1572786164214 digital: 0 0 0 0 0 0 1 0 0 0 1 0 0 0  analog: 0.0 4.9608993157380255 3.4701857282502444 4.956011730205279 0.0 0.9384164222873901 0.0 0.0 0.0 0.0 0.0 0.0 0.0 0.0 
1572786168215 digital: 0 0 0 0 0 0 1 0 0 0 1 0 0 0  analog: 0.0 4.9608993157380255 3.5532746823069403 4.956011730205279 0.0 0.9384164222873901 0.0 0.0 0.0 0.0 0.0 0.0 0.0 0.0 
1572786329244 digital: 0 0 0 0 0 0 1 0 0 0 1 0 0 0  analog: 0.0 4.9608993157380255 3.5532746823069403 0.0 0.0 0.9384164222873901 0.0 0.0 0.0 0.0 0.0 0.0 0.0 0.0 
1572786340252 digital: 0 0 0 0 0 0 1 0 0 0 1 0 0 0  analog: 0.0 0.0 0.0 0.0 0.0 0.9384164222873901 0.0 0.0 0.0 0.0 0.0 0.0 0.0 0.0 
1572786344253 digital: 0 0 0 0 0 0 1 0 0 0 1 0 0 0  analog: 0.0 4.9608993157380255 0.0 0.0 0.0 0.9384164222873901 0.0 0.0 0.0 0.0 0.0 0.0 0.0 0.0 
1572786350253 digital: 0 0 0 0 0 0 1 0 0 0 1 0 0 0  analog: 0.0 0.0 4.951124144672532 0.0 0.0 0.9384164222873901 0.0 0.0 0.0 0.0 0.0 0.0 0.0 0.0 
1572786399259 digital: 0 0 0 0 0 0 0 0 0 0 1 0 0 0  analog: 0.0 0.0 4.951124144672532 0.0 0.0 0.9384164222873901 0.0 0.0 0.0 0.0 0.0 0.0 0.0 0.0 
1572786409259 digital: 0 0 0 0 0 0 0 0 0 0 1 0 0 0  analog: 0.0 0.0 4.951124144672532 4.956011730205279 0.0 0.9384164222873901 0.0 0.0 0.0 0.0 0.0 0.0 0.0 0.0 
1572786412260 digital: 0 0 0 0 0 0 0 0 0 0 1 0 0 0  analog: 0.0 4.956011730205279 0.0 4.956011730205279 0.0 0.9384164222873901 0.0 0.0 0.0 0.0 0.0 0.0 0.0 0.0 
1572786417260 digital: 0 0 0 1 0 0 0 0 0 0 1 0 0 0  analog: 0.0 4.956011730205279 0.0 4.956011730205279 0.0 0.9384164222873901 0.0 0.0 0.0 0.0 0.0 0.0 0.0 0.0 
1572786418261 digital: 0 0 0 1 0 0 0 0 0 0 1 0 0 0  analog: 0.0 0.0 4.9608993157380255 4.956011730205279 0.0 0.9384164222873901 0.0 0.0 0.0 0.0 0.0 0.0 0.0 0.0 
1572786425264 digital: 0 0 0 0 0 0 0 0 0 0 1 0 0 0  analog: 0.0 0.0 4.9608993157380255 4.956011730205279 0.0 0.9384164222873901 0.0 0.0 0.0 0.0 0.0 0.0 0.0 0.0 
1572786426264 digital: 0 0 0 0 0 0 0 0 0 0 1 0 0 0  analog: 0.0 0.009775171065493646 0.0 4.956011730205279 0.0 0.9384164222873901 0.0 0.0 0.0 0.0 0.0 0.0 0.0 0.0 
1572786432265 digital: 0 0 0 0 0 0 0 0 0 0 1 0 0 0  analog: 0.0 4.9608993157380255 0.0 4.956011730205279 0.0 0.9384164222873901 0.0 0.0 0.0 0.0 0.0 0.0 0.0 0.0 
1572786435265 digital: 0 0 0 0 0 0 0 0 0 0 1 0 0 0  analog: 0.0 4.956011730205279 0.0 4.956011730205279 0.0 0.9384164222873901 0.0 0.0 0.0 0.0 0.0 0.0 0.0 0.0 
1572786868336 digital: 0 0 0 1 0 0 0 0 0 0 1 0 0 0  analog: 0.0 4.956011730205279 0.0 4.956011730205279 0.0 0.9384164222873901 0.0 0.0 0.0 0.0 0.0 0.0 0.0 0.0 
1572786869336 digital: 0 0 0 1 0 0 0 0 0 0 1 0 0 0  analog: 0.0 0.0 0.0 4.956011730205279 0.0 0.9384164222873901 0.0 0.0 0.0 0.0 0.0 0.0 0.0 0.0 
1572787252382 digital: 0 0 0 1 0 0 1 0 0 0 1 0 0 0  analog: 0.0 0.0 0.0 4.956011730205279 0.0 0.9384164222873901 0.0 0.0 0.0 0.0 0.0 0.0 0.0 0.0 
1572787253382 digital: 0 0 0 1 0 0 1 0 0 0 1 0 0 0  analog: 0.0 0.0 0.0 4.9315738025415445 0.0 0.9384164222873901 0.0 0.0 0.0 0.0 0.0 0.0 0.0 0.0 
1572787303391 digital: 0 0 0 1 0 0 1 0 0 0 1 0 0 0  analog: 0.0 0.0 0.0 4.936461388074291 0.0 0.9384164222873901 0.0 0.0 0.0 0.0 0.0 0.0 0.0 0.0 
1572787635433 digital: 0 0 0 1 0 0 1 0 0 0 1 0 0 0  analog: 0.0 0.0 0.0 4.9315738025415445 0.0 0.9384164222873901 0.0 0.0 0.0 0.0 0.0 0.0 0.0 0.0 
1572787731441 digital: 0 0 0 1 0 0 1 0 0 0 1 0 0 0  analog: 0.0 0.0 0.0 4.936461388074291 0.0 0.9384164222873901 0.0 0.0 0.0 0.0 0.0 0.0 0.0 0.0 
1572787740442 digital: 0 0 0 1 0 0 1 0 0 0 1 0 0 0  analog: 0.0 0.0 0.0 4.9315738025415445 0.0 0.9384164222873901 0.0 0.0 0.0 0.0 0.0 0.0 0.0 0.0 
1572787759443 digital: 0 0 0 1 0 0 1 0 0 0 1 0 0 0  analog: 0.0 0.0 0.0 4.936461388074291 0.0 0.9384164222873901 0.0 0.0 0.0 0.0 0.0 0.0 0.0 0.0 
1572787778444 digital: 0 0 0 1 0 0 1 0 0 0 1 0 0 0  analog: 0.0 0.0 0.0 4.9315738025415445 0.0 0.9384164222873901 0.0 0.0 0.0 0.0 0.0 0.0 0.0 0.0 
1572787780444 digital: 0 0 0 1 0 0 1 0 0 0 1 0 0 0  analog: 0.0 0.0 0.0 4.936461388074291 0.0 0.9384164222873901 0.0 0.0 0.0 0.0 0.0 0.0 0.0 0.0 
1572787897459 digital: 0 0 0 1 0 0 1 0 0 0 1 0 0 0  analog: 0.0 0.0 0.0 4.9315738025415445 0.0 0.9384164222873901 0.0 0.0 0.0 0.0 0.0 0.0 0.0 0.0 
1572787908464 digital: 0 0 0 1 0 0 1 0 0 0 1 0 0 0  analog: 0.0 0.0 0.0 4.936461388074291 0.0 0.9384164222873901 0.0 0.0 0.0 0.0 0.0 0.0 0.0 0.0 
1572787912464 digital: 0 0 0 1 0 0 1 0 0 0 1 0 0 0  analog: 0.0 0.0 0.0 4.9315738025415445 0.0 0.9384164222873901 0.0 0.0 0.0 0.0 0.0 0.0 0.0 0.0 
1572787922465 digital: 0 0 0 1 0 0 1 0 0 0 1 0 0 0  analog: 0.0 0.0 0.0 4.936461388074291 0.0 0.9384164222873901 0.0 0.0 0.0 0.0 0.0 0.0 0.0 0.0 
1572788159495 digital: 0 0 0 1 0 0 1 0 0 0 1 0 0 0  analog: 0.0 0.0 0.0 4.9315738025415445 0.0 0.9384164222873901 0.0 0.0 0.0 0.0 0.0 0.0 0.0 0.0 
1572788162496 digital: 0 0 0 1 0 0 1 0 0 0 1 0 0 0  analog: 0.0 0.0 0.0 4.936461388074291 0.0 0.9384164222873901 0.0 0.0 0.0 0.0 0.0 0.0 0.0 0.0 
1572788287511 digital: 0 0 0 1 0 0 1 0 0 0 1 0 0 0  analog: 0.0 0.0 0.0 4.941348973607038 0.0 0.9384164222873901 0.0 0.0 0.0 0.0 0.0 0.0 0.0 0.0 
1572789208647 digital: 0 0 0 1 0 0 1 0 0 0 1 0 0 0  analog: 0.0 0.0 0.0 0.0 4.946236559139785 0.9384164222873901 0.0 0.0 0.0 0.0 0.0 0.0 0.0 0.0 
1572789223648 digital: 0 0 0 1 0 0 0 0 0 0 1 0 0 0  analog: 0.0 0.0 0.0 0.0 4.946236559139785 0.9384164222873901 0.0 0.0 0.0 0.0 0.0 0.0 0.0 0.0 
1572789224648 digital: 0 0 0 1 0 0 0 0 0 0 1 0 0 0  analog: 0.0 0.0 0.0 4.941348973607038 0.0 0.9384164222873901 0.0 0.0 0.0 0.0 0.0 0.0 0.0 0.0 
1572789238649 digital: 0 0 0 1 0 0 1 0 0 0 1 0 0 0  analog: 0.0 0.0 0.0 4.941348973607038 0.0 0.9384164222873901 0.0 0.0 0.0 0.0 0.0 0.0 0.0 0.0 
1572789239649 digital: 0 0 0 1 0 0 1 0 0 0 1 0 0 0  analog: 0.0 0.0 0.0 0.0 0.0 0.9384164222873901 0.0 0.0 0.0 0.0 0.0 0.0 0.0 0.0 
1572789248650 digital: 0 0 0 1 0 0 0 0 0 0 1 0 0 0  analog: 0.0 0.0 0.0 0.0 0.0 0.9384164222873901 0.0 0.0 0.0 0.0 0.0 0.0 0.0 0.0 
1572789249650 digital: 0 0 0 1 0 0 0 0 0 0 1 0 0 0  analog: 0.0 0.0 0.0 4.936461388074291 0.0 0.9384164222873901 0.0 0.0 0.0 0.0 0.0 0.0 0.0 0.0 
1572789250650 digital: 0 0 0 1 0 0 1 0 0 0 1 0 0 0  analog: 0.0 0.0 0.0 4.936461388074291 0.0 0.9384164222873901 0.0 0.0 0.0 0.0 0.0 0.0 0.0 0.0 
1572789251650 digital: 0 0 0 1 0 0 1 0 0 0 1 0 0 0  analog: 0.0 0.0 0.0 4.941348973607038 0.0 0.9384164222873901 0.0 0.0 0.0 0.0 0.0 0.0 0.0 0.0 
1572789267651 digital: 0 0 0 1 0 0 1 0 0 0 1 0 0 0  analog: 0.0 0.0 0.0 4.936461388074291 0.0 0.9384164222873901 0.0 0.0 0.0 0.0 0.0 0.0 0.0 0.0 
1572789276651 digital: 0 0 0 1 0 0 1 0 0 0 1 0 0 0  analog: 0.0 0.0 0.0 0.0 4.946236559139785 0.9384164222873901 0.0 0.0 0.0 0.0 0.0 0.0 0.0 0.0 
1572789284652 digital: 0 0 0 1 0 0 0 0 0 0 1 0 0 0  analog: 0.0 0.0 0.0 0.0 4.946236559139785 0.9384164222873901 0.0 0.0 0.0 0.0 0.0 0.0 0.0 0.0 
1572789285652 digital: 0 0 0 1 0 0 0 0 0 0 1 0 0 0  analog: 0.0 0.0 0.0 4.941348973607038 0.0 0.9384164222873901 0.0 0.0 0.0 0.0 0.0 0.0 0.0 0.0 
1572789340671 digital: 0 0 0 1 0 0 1 0 0 0 1 0 0 0  analog: 0.0 0.0 0.0 4.941348973607038 0.0 0.9384164222873901 0.0 0.0 0.0 0.0 0.0 0.0 0.0 0.0 
1572789341672 digital: 0 0 0 1 0 0 1 0 0 0 1 0 0 0  analog: 0.0 0.0 0.0 0.0 4.941348973607038 0.9384164222873901 0.0 0.0 0.0 0.0 0.0 0.0 0.0 0.0 
1572789354673 digital: 0 0 0 1 0 0 0 0 0 0 1 0 0 0  analog: 0.0 0.0 0.0 0.0 4.941348973607038 0.9384164222873901 0.0 0.0 0.0 0.0 0.0 0.0 0.0 0.0 
1572789355673 digital: 0 0 0 1 0 0 0 0 0 0 1 0 0 0  analog: 0.0 0.0 0.0 4.946236559139785 0.0 0.9384164222873901 0.0 0.0 0.0 0.0 0.0 0.0 0.0 0.0 
time  digitalPinsStatus analogPinsStatus
1572895406652 digital: 0 0 0 1 0 0 0 0 0 0 1 0 0 0  analog: 0.0 0.0 0.0 0.0 0.0 0.0 0.0 0.0 0.0 0.0 0.0 0.0 0.0 0.0 
