time  column1,torr column2,torr vessel torr  
time  column1,torr column2,torr vessel torr  
time  column1,torr column2,torr vessel torr  
time  column1,torr column2,torr vessel torr  
time  column1,torr column2,torr vessel torr  
time  column1,torr column2,torr vessel torr  
time  column1,torr column2,torr vessel torr  
time  column1,torr column2,torr vessel torr  
time  column1,torr column2,torr vessel torr  
time  column1,torr column2,torr vessel torr  
time  column1,torr column2,torr vessel torr  
time  column1,torr column2,torr vessel torr  
time  column1,torr column2,torr vessel torr  
time  column1,torr column2,torr vessel torr  
time  column1,torr column2,torr vessel torr  
1572022350101 7,500e+02 7,500e+02 1,350e+01 
1572022353102 2,633e-01 1,065e+00 1,350e+01 
time  column1,torr column2,torr vessel torr  
time  column1,torr column2,torr vessel torr  
1572022462853 7,500e+02 1,065e+00 1,350e+01 
1572022465853 2,633e-01 1,057e+00 1,350e+01 
1572022468957 2,633e-01 1,065e+00 1,350e+01 
1572022476052 2,633e-01 1,057e+00 1,350e+01 
1572022489352 2,633e-01 1,065e+00 1,350e+01 
time  column1,torr column2,torr vessel torr  
time  column1,torr column2,torr vessel torr  
1572022584761 7,500e+02 1,065e+00 
1572022584762 2,633e-01 1,057e+00 
1572022585469 2,633e-01 1,065e+00 
1572022587268 2,633e-01 1,057e+00 
1572022587703 2,633e-01 1,065e+00 
1572022588077 2,633e-01 1,057e+00 
1572022588698 2,625e-01 1,065e+00 
1572022588885 2,633e-01 1,065e+00 
1572022589691 2,625e-01 1,057e+00 
1572022589877 2,633e-01 1,065e+00 
1572022590311 2,633e-01 1,057e+00 
1572022590497 2,633e-01 1,065e+00 
1572022590683 2,633e-01 1,057e+00 
1572022591489 2,633e-01 1,065e+00 
1572022591862 2,633e-01 1,057e+00 
1572022592296 2,633e-01 1,065e+00 
1572022592483 2,633e-01 1,057e+00 
1572022593289 2,633e-01 1,065e+00 
1572022593848 2,625e-01 1,065e+00 
1572022593910 2,625e-01 1,057e+00 
1572022594097 2,633e-01 1,057e+00 
1572022594283 2,633e-01 1,065e+00 
1572022595276 2,633e-01 1,057e+00 
1572022595711 2,633e-01 1,065e+00 
1572022596083 2,633e-01 1,057e+00 
1572022596269 2,633e-01 1,065e+00 
1572022596889 2,633e-01 1,057e+00 
1572022597261 2,633e-01 1,065e+00 
1572022597509 2,633e-01 1,057e+00 
1572022597881 2,633e-01 1,065e+00 
1572022598067 2,633e-01 1,057e+00 
1572022599307 2,633e-01 1,065e+00 
1572022599493 2,633e-01 1,057e+00 
1572022599679 2,633e-01 1,065e+00 
1572022601664 2,633e-01 1,057e+00 
1572022601851 2,625e-01 1,057e+00 
1572022602100 2,633e-01 1,065e+00 
1572022602907 2,633e-01 1,057e+00 
1572022603908 2,633e-01 1,065e+00 
1572022604470 2,633e-01 1,057e+00 
1572022605712 2,633e-01 1,065e+00 
1572022605898 2,633e-01 1,057e+00 
1572022607263 2,633e-01 1,065e+00 
1572022607511 2,633e-01 1,057e+00 
1572022607697 2,633e-01 1,065e+00 
1572022608069 2,633e-01 1,057e+00 
1572022608503 2,633e-01 1,065e+00 
1572022608689 2,633e-01 1,057e+00 
1572022609872 2,633e-01 1,065e+00 
1572022610492 2,633e-01 1,057e+00 
1572022610680 2,633e-01 1,065e+00 
1572022610866 2,633e-01 1,057e+00 
1572022611681 2,633e-01 1,065e+00 
1572022611891 2,633e-01 1,057e+00 
1572022612078 2,633e-01 1,065e+00 
1572022612265 2,633e-01 1,057e+00 
1572022613079 2,633e-01 1,065e+00 
1572022613700 2,633e-01 1,057e+00 
1572022615298 2,633e-01 1,065e+00 
1572022615671 2,633e-01 1,057e+00 
1572022616291 2,633e-01 1,065e+00 
1572022616479 2,633e-01 1,057e+00 
1572022616665 2,633e-01 1,065e+00 
1572022616915 2,633e-01 1,057e+00 
1572022617287 2,633e-01 1,065e+00 
1572022617912 2,633e-01 1,057e+00 
1572022618098 2,633e-01 1,065e+00 
1572022618660 2,633e-01 1,057e+00 
1572022619466 2,633e-01 1,065e+00 
1572022619714 2,633e-01 1,057e+00 
1572022620707 2,633e-01 1,065e+00 
1572022620893 2,633e-01 1,057e+00 
1572022621265 2,633e-01 1,065e+00 
1572022621513 2,633e-01 1,057e+00 
1572022621699 2,633e-01 1,065e+00 
1572022622082 2,633e-01 1,057e+00 
1572022623514 2,633e-01 1,065e+00 
1572022623710 2,633e-01 1,057e+00 
1572022624268 2,633e-01 1,065e+00 
1572022625325 2,633e-01 1,057e+00 
time  column1,torr column2,torr vessel torr  
time  column1,torr column2,torr vessel torr  
1572023760146 2,640e-01 1,065e+00 
1572023760146 2,633e-01 1,057e+00 
1572023778658 2,633e-01 1,065e+00 
1572023778845 2,640e-01 1,065e+00 
time  column1,torr column2,torr vessel torr  
time  column1,torr column2,torr vessel torr  
1572024930996 2,655e-01 1,073e+00 
1572024934097 2,655e-01 1,080e+00 
1572024934471 2,655e-01 1,073e+00 
1572024936703 2,655e-01 1,080e+00 
1572024936827 2,655e-01 1,073e+00 
1572024937230 2,655e-01 1,080e+00 
1572024938067 2,655e-01 1,073e+00 
time  column1,torr column2,torr vessel torr  
time  column1,torr column2,torr vessel torr  
1572025137071 2,663e-01 1,080e+00 
1572025141314 2,655e-01 1,080e+00 
1572025141438 2,663e-01 1,080e+00 
1572025143051 2,655e-01 1,080e+00 
1572025143299 2,663e-01 1,080e+00 
1572025145035 2,655e-01 1,080e+00 
1572025145283 2,663e-01 1,080e+00 
1572025147516 2,655e-01 1,080e+00 
1572025147676 2,663e-01 1,080e+00 
1572025151244 2,655e-01 1,080e+00 
1572025151492 2,663e-01 1,080e+00 
time  column1,torr column2,torr vessel torr  
time  column1,torr column2,torr vessel torr  
1572025163617 2,663e-01 1,080e+00 
1572025164429 2,663e-01 1,073e+00 
1572025164832 2,663e-01 1,080e+00 
1572025186659 2,655e-01 1,080e+00 
1572025187248 2,663e-01 1,080e+00 
1572025204247 2,655e-01 1,080e+00 
1572025204650 2,663e-01 1,080e+00 
time  column1,torr column2,torr vessel torr  
1572025291698 2,663e-01 1,080e+00 
time  column1,torr column2,torr vessel torr  
1572025345872 2,663e-01 1,080e+00 
time  column1,torr column2,torr vessel torr  
1572025423831 2,663e-01 1,080e+00 
1572025446403 2,670e-01 1,080e+00 
1572025446652 2,663e-01 1,080e+00 
1572025447400 2,670e-01 1,080e+00 
1572025447649 2,663e-01 1,080e+00 
1572025452428 2,670e-01 1,080e+00 
1572025452615 2,663e-01 1,080e+00 
1572025460436 2,670e-01 1,080e+00 
1572025460809 2,663e-01 1,080e+00 
1572025463415 2,670e-01 1,080e+00 
1572025463603 2,663e-01 1,080e+00 
1572025468447 2,670e-01 1,080e+00 
1572025468635 2,663e-01 1,080e+00 
1572025471243 2,670e-01 1,080e+00 
1572025471616 2,663e-01 1,080e+00 
1572025472423 2,670e-01 1,080e+00 
1572025472796 2,663e-01 1,080e+00 
1572025473852 2,670e-01 1,080e+00 
1572025474225 2,663e-01 1,080e+00 
1572025474601 2,670e-01 1,080e+00 
time  column1,torr column2,torr vessel torr  
1572025519899 2,670e-01 1,080e+00 
1572025520027 2,663e-01 1,080e+00 
1572025520214 2,670e-01 1,080e+00 
1572025521058 2,663e-01 1,080e+00 
1572025521435 2,670e-01 1,080e+00 
1572025521995 2,663e-01 1,080e+00 
1572025522254 2,670e-01 1,080e+00 
1572025523057 2,663e-01 1,080e+00 
1572025523244 2,670e-01 1,080e+00 
1572025523431 2,663e-01 1,080e+00 
1572025524796 2,670e-01 1,080e+00 
1572025525602 2,663e-01 1,080e+00 
1572025525851 2,670e-01 1,080e+00 
1572025527402 2,663e-01 1,080e+00 
1572025528023 2,670e-01 1,080e+00 
1572025528644 2,663e-01 1,080e+00 
1572025529016 2,670e-01 1,080e+00 
1572025529202 2,663e-01 1,080e+00 
1572025529451 2,670e-01 1,080e+00 
1572025530632 2,663e-01 1,080e+00 
1572025531413 2,670e-01 1,080e+00 
1572025531600 2,663e-01 1,080e+00 
1572025531849 2,670e-01 1,080e+00 
1572025532035 2,663e-01 1,080e+00 
1572025532221 2,670e-01 1,080e+00 
1572025532656 2,663e-01 1,080e+00 
1572025533221 2,670e-01 1,080e+00 
1572025533595 2,663e-01 1,080e+00 
1572025533846 2,670e-01 1,080e+00 
1572025535406 2,663e-01 1,080e+00 
1572025535594 2,670e-01 1,080e+00 
1572025536653 2,663e-01 1,080e+00 
1572025537398 2,670e-01 1,080e+00 
1572025538207 2,663e-01 1,080e+00 
1572025538457 2,670e-01 1,080e+00 
1572025538833 2,663e-01 1,080e+00 
1572025539020 2,670e-01 1,080e+00 
1572025539212 2,663e-01 1,080e+00 
1572025539796 2,670e-01 1,080e+00 
1572025540045 2,663e-01 1,080e+00 
1572025540232 2,670e-01 1,080e+00 
1572025541040 2,663e-01 1,080e+00 
1572025541414 2,670e-01 1,080e+00 
1572025541602 2,663e-01 1,080e+00 
1572025541851 2,670e-01 1,080e+00 
1572025542412 2,663e-01 1,080e+00 
1572025542599 2,670e-01 1,080e+00 
1572025542848 2,663e-01 1,080e+00 
1572025543035 2,670e-01 1,080e+00 
1572025544029 2,663e-01 1,080e+00 
1572025544402 2,670e-01 1,080e+00 
1572025548252 2,663e-01 1,080e+00 
1572025548439 2,670e-01 1,080e+00 
1572025548627 2,663e-01 1,080e+00 
1572025548814 2,670e-01 1,080e+00 
1572025549001 2,663e-01 1,080e+00 
1572025549251 2,670e-01 1,080e+00 
1572025553845 2,663e-01 1,080e+00 
1572025554033 2,670e-01 1,080e+00 
1572025557820 2,663e-01 1,080e+00 
1572025558007 2,670e-01 1,080e+00 
1572025559250 2,663e-01 1,080e+00 
1572025559437 2,670e-01 1,080e+00 
1572025560804 2,663e-01 1,080e+00 
1572025561053 2,670e-01 1,080e+00 
1572025561799 2,663e-01 1,080e+00 
1572025562048 2,670e-01 1,080e+00 
1572025562235 2,663e-01 1,080e+00 
1572025562795 2,670e-01 1,080e+00 
1572025564037 2,663e-01 1,080e+00 
1572025564597 2,670e-01 1,080e+00 
1572025564846 2,663e-01 1,080e+00 
1572025565034 2,670e-01 1,080e+00 
1572025568636 2,663e-01 1,080e+00 
1572025568823 2,670e-01 1,080e+00 
1572025575031 2,663e-01 1,080e+00 
1572025575218 2,670e-01 1,080e+00 
1572025576436 2,663e-01 1,080e+00 
1572025576995 2,670e-01 1,080e+00 
time  column1,torr column2,torr vessel torr  
1572026263717 2,678e-01 1,088e+00 
1572026275385 2,685e-01 1,088e+00 
1572026275634 2,678e-01 1,088e+00 
1572026276440 2,678e-01 1,095e+00 
1572026276626 2,678e-01 1,088e+00 
1572026282393 2,685e-01 1,088e+00 
1572026282641 2,678e-01 1,088e+00 
1572026282828 2,685e-01 1,088e+00 
1572026283200 2,678e-01 1,088e+00 
1572026283634 2,685e-01 1,095e+00 
1572026283821 2,678e-01 1,088e+00 
1572026284629 2,685e-01 1,088e+00 
1572026284815 2,678e-01 1,088e+00 
1572026285435 2,678e-01 1,095e+00 
1572026285622 2,685e-01 1,088e+00 
1572026285809 2,678e-01 1,088e+00 
1572026287634 2,685e-01 1,095e+00 
1572026287827 2,678e-01 1,088e+00 
1572026288386 2,685e-01 1,088e+00 
1572026288635 2,678e-01 1,088e+00 
1572026290438 2,685e-01 1,088e+00 
1572026290625 2,678e-01 1,088e+00 
1572026291431 2,685e-01 1,088e+00 
1572026291618 2,678e-01 1,088e+00 
1572026293789 2,685e-01 1,088e+00 
1572026294037 2,678e-01 1,088e+00 
1572026295835 2,685e-01 1,088e+00 
1572026296022 2,678e-01 1,088e+00 
1572026296642 2,685e-01 1,088e+00 
1572026297015 2,678e-01 1,088e+00 
1572026297637 2,678e-01 1,095e+00 
1572026297823 2,678e-01 1,088e+00 
1572026298444 2,685e-01 1,088e+00 
1572026298632 2,678e-01 1,088e+00 
1572026298819 2,685e-01 1,088e+00 
1572026299006 2,678e-01 1,088e+00 
1572026299440 2,685e-01 1,095e+00 
1572026299820 2,678e-01 1,088e+00 
1572026300193 2,685e-01 1,088e+00 
1572026300442 2,678e-01 1,095e+00 
1572026301000 2,685e-01 1,095e+00 
1572026301062 2,685e-01 1,088e+00 
1572026301435 2,678e-01 1,088e+00 
1572026301622 2,685e-01 1,095e+00 
1572026301810 2,678e-01 1,088e+00 
1572026302803 2,685e-01 1,095e+00 
1572026302990 2,678e-01 1,095e+00 
1572026303052 2,678e-01 1,088e+00 
1572026303240 2,685e-01 1,088e+00 
1572026303985 2,678e-01 1,088e+00 
1572026304420 2,685e-01 1,088e+00 
1572026304794 2,678e-01 1,088e+00 
1572026305043 2,685e-01 1,088e+00 
1572026305415 2,678e-01 1,095e+00 
1572026306035 2,685e-01 1,088e+00 
1572026306221 2,678e-01 1,088e+00 
1572026307043 2,685e-01 1,088e+00 
1572026307655 2,678e-01 1,095e+00 
1572026307746 2,685e-01 1,095e+00 
1572026307808 2,685e-01 1,088e+00 
1572026307995 2,678e-01 1,088e+00 
1572026308802 2,685e-01 1,088e+00 
1572026308988 2,678e-01 1,088e+00 
1572026309237 2,685e-01 1,088e+00 
1572026309424 2,678e-01 1,095e+00 
1572026309610 2,678e-01 1,088e+00 
1572026309982 2,685e-01 1,088e+00 
1572026310416 2,685e-01 1,095e+00 
1572026310602 2,685e-01 1,088e+00 
1572026310788 2,678e-01 1,088e+00 
1572026311037 2,685e-01 1,088e+00 
1572026311223 2,678e-01 1,088e+00 
1572026311410 2,685e-01 1,088e+00 
1572026311782 2,678e-01 1,088e+00 
1572026312031 2,685e-01 1,088e+00 
1572026312403 2,685e-01 1,095e+00 
1572026312590 2,678e-01 1,095e+00 
1572026312652 2,678e-01 1,088e+00 
1572026312839 2,685e-01 1,088e+00 
1572026313026 2,678e-01 1,088e+00 
1572026313213 2,685e-01 1,088e+00 
1572026313400 2,678e-01 1,088e+00 
1572026314020 2,685e-01 1,088e+00 
1572026314207 2,678e-01 1,088e+00 
1572026314394 2,685e-01 1,088e+00 
1572026314642 2,678e-01 1,088e+00 
1572026315014 2,685e-01 1,088e+00 
1572026315200 2,678e-01 1,088e+00 
1572026315820 2,685e-01 1,088e+00 
1572026316440 2,678e-01 1,088e+00 
1572026316626 2,685e-01 1,095e+00 
1572026316813 2,685e-01 1,088e+00 
1572026317807 2,685e-01 1,095e+00 
1572026318055 2,685e-01 1,088e+00 
1572026318243 2,678e-01 1,088e+00 
1572026318801 2,685e-01 1,088e+00 
1572026318987 2,678e-01 1,088e+00 
1572026319235 2,685e-01 1,088e+00 
1572026319421 2,678e-01 1,095e+00 
1572026319611 2,678e-01 1,088e+00 
1572026320234 2,685e-01 1,088e+00 
1572026320420 2,685e-01 1,095e+00 
1572026320606 2,685e-01 1,088e+00 
1572026320792 2,678e-01 1,088e+00 
1572026321040 2,685e-01 1,095e+00 
1572026321226 2,685e-01 1,088e+00 
1572026321785 2,678e-01 1,088e+00 
1572026322033 2,685e-01 1,088e+00 
1572026322220 2,678e-01 1,088e+00 
1572026322407 2,685e-01 1,088e+00 
1572026323400 2,678e-01 1,088e+00 
1572026323834 2,678e-01 1,095e+00 
1572026324020 2,678e-01 1,088e+00 
1572026324207 2,685e-01 1,088e+00 
1572026324641 2,678e-01 1,095e+00 
1572026325013 2,678e-01 1,088e+00 
1572026325199 2,685e-01 1,088e+00 
1572026325386 2,678e-01 1,088e+00 
1572026325634 2,685e-01 1,088e+00 
1572026326006 2,685e-01 1,095e+00 
1572026326193 2,678e-01 1,095e+00 
1572026326255 2,678e-01 1,088e+00 
1572026326813 2,678e-01 1,095e+00 
1572026327000 2,685e-01 1,095e+00 
1572026327062 2,685e-01 1,088e+00 
1572026327434 2,678e-01 1,088e+00 
1572026327620 2,685e-01 1,088e+00 
1572026328426 2,678e-01 1,095e+00 
1572026328612 2,685e-01 1,088e+00 
1572026329418 2,685e-01 1,095e+00 
1572026329604 2,678e-01 1,095e+00 
1572026329852 2,678e-01 1,088e+00 
1572026330046 2,685e-01 1,095e+00 
1572026330232 2,678e-01 1,088e+00 
1572026330419 2,685e-01 1,088e+00 
1572026331039 2,678e-01 1,088e+00 
1572026331225 2,685e-01 1,095e+00 
1572026331411 2,678e-01 1,095e+00 
1572026331783 2,685e-01 1,095e+00 
1572026332031 2,685e-01 1,088e+00 
1572026332403 2,685e-01 1,095e+00 
1572026333007 2,685e-01 1,088e+00 
1572026333441 2,685e-01 1,095e+00 
1572026334000 2,678e-01 1,095e+00 
1572026334186 2,685e-01 1,095e+00 
1572026334806 2,678e-01 1,088e+00 
1572026334992 2,685e-01 1,088e+00 
1572026335054 2,685e-01 1,095e+00 
1572026335240 2,678e-01 1,095e+00 
1572026335426 2,685e-01 1,088e+00 
time  column1,torr column2,torr vessel torr  
1572027249513 2,700e-01 1,103e+00 
time  column1,torr column2,torr vessel torr  
1572027525762 2,708e-01 1,103e+00 
time  column1,torr column2,torr vessel torr  
1572027615933 2,708e-01 1,103e+00 
time  column1,torr column2,torr vessel torr  
1572027627809 2,708e-01 1,103e+00 
1572027631414 2,708e-01 1,110e+00 
1572027631600 2,708e-01 1,103e+00 
1572027633586 2,708e-01 1,110e+00 
1572027633834 2,708e-01 1,103e+00 
time  column1,torr column2,torr vessel torr  
1572027643037 2,708e-01 1,103e+00 
1572027646583 2,708e-01 1,110e+00 
1572027646840 2,708e-01 1,103e+00 
time  column1,torr column2,torr vessel torr  
1572027656239 2,708e-01 1,103e+00 
1572027656430 2,708e-01 1,110e+00 
1572027656634 2,708e-01 1,103e+00 
time  column1,torr column2,torr vessel torr  
1572027695539 2,708e-01 1,103e+00 
1572027695788 2,708e-01 1,110e+00 
1572027696412 2,708e-01 1,103e+00 
1572027696785 2,708e-01 1,110e+00 
1572027697033 2,708e-01 1,103e+00 
1572027697219 2,708e-01 1,110e+00 
1572027697591 2,708e-01 1,103e+00 
1572027698397 2,708e-01 1,110e+00 
1572027698584 2,708e-01 1,103e+00 
1572027699020 2,708e-01 1,110e+00 
1572027699641 2,708e-01 1,103e+00 
1572027700013 2,708e-01 1,110e+00 
1572027700199 2,708e-01 1,103e+00 
1572027700385 2,708e-01 1,110e+00 
1572027700644 2,708e-01 1,103e+00 
1572027701017 2,708e-01 1,110e+00 
1572027704002 2,708e-01 1,103e+00 
1572027704189 2,708e-01 1,110e+00 
1572027704995 2,708e-01 1,103e+00 
1572027705615 2,708e-01 1,110e+00 
1572027705802 2,708e-01 1,103e+00 
1572027706232 2,708e-01 1,110e+00 
1572027706604 2,708e-01 1,103e+00 
1572027706791 2,715e-01 1,110e+00 
1572027706978 2,708e-01 1,110e+00 
1572027707229 2,708e-01 1,103e+00 
1572027707423 2,708e-01 1,110e+00 
1572027710014 2,708e-01 1,103e+00 
1572027710201 2,708e-01 1,110e+00 
1572027712011 2,708e-01 1,103e+00 
1572027712817 2,708e-01 1,110e+00 
1572027713190 2,708e-01 1,103e+00 
1572027713998 2,708e-01 1,110e+00 
1572027715181 2,708e-01 1,103e+00 
1572027715430 2,708e-01 1,110e+00 
1572027715617 2,708e-01 1,103e+00 
1572027715803 2,708e-01 1,110e+00 
1572027716800 2,708e-01 1,103e+00 
1572027716986 2,708e-01 1,110e+00 
1572027717986 2,708e-01 1,103e+00 
1572027718421 2,708e-01 1,110e+00 
1572027718983 2,708e-01 1,103e+00 
1572027719231 2,708e-01 1,110e+00 
1572027719421 2,708e-01 1,103e+00 
1572027719980 2,708e-01 1,110e+00 
1572027720229 2,708e-01 1,103e+00 
1572027720418 2,708e-01 1,110e+00 
1572027721413 2,708e-01 1,103e+00 
1572027721599 2,708e-01 1,110e+00 
time  column1,torr column2,torr vessel torr  
1572027769598 2,715e-01 1,110e+00 
1572027770164 2,708e-01 1,110e+00 
1572027770601 2,715e-01 1,103e+00 
1572027770788 2,715e-01 1,110e+00 
1572027771781 2,708e-01 1,110e+00 
1572027771968 2,715e-01 1,110e+00 
1572027772962 2,708e-01 1,110e+00 
1572027773211 2,715e-01 1,110e+00 
1572027773584 2,708e-01 1,110e+00 
time  column1,torr column2,torr vessel torr  
1572027895832 2,715e-01 1,110e+00 
1572027898397 2,708e-01 1,110e+00 
1572027898584 2,715e-01 1,110e+00 
time  column1,torr column2,torr vessel torr  
1572027951786 2,715e-01 1,110e+00 
time  column1,torr column2,torr vessel torr  
1572028035713 2,715e-01 1,110e+00 
time  column1,torr column2,torr vessel torr  
1572028073228 2,715e-01 1,110e+00 
time  column1,torr column2,torr vessel torr  
1572028548652 2,730e-01 1,118e+00 
time  column1,torr column2,torr vessel torr  
1572028783648 2,730e-01 1,118e+00 
1572028786786 2,738e-01 1,118e+00 
1572028787344 2,730e-01 1,118e+00 
time  column1,torr column2,torr vessel torr  
1572028798549 2,738e-01 1,118e+00 
1572028798613 2,730e-01 1,118e+00 
1572028801346 2,738e-01 1,118e+00 
1572028801595 2,730e-01 1,118e+00 
1572028803580 2,738e-01 1,118e+00 
1572028803767 2,730e-01 1,118e+00 
time  column1,torr column2,torr vessel torr  
1572028975528 2,738e-01 1,118e+00 
time  column1,torr column2,torr vessel torr  
1572029014227 2,738e-01 1,118e+00 
time  column1,torr column2,torr vessel torr  
1572029147199 2,738e-01 1,125e+00 
1572029147609 2,738e-01 1,118e+00 
1572029147796 2,738e-01 1,125e+00 
1572029149595 2,738e-01 1,118e+00 
1572029149781 2,738e-01 1,125e+00 
1572029151579 2,738e-01 1,118e+00 
1572029152199 2,738e-01 1,125e+00 
1572029153377 2,738e-01 1,118e+00 
1572029153563 2,738e-01 1,125e+00 
1572029157407 2,738e-01 1,118e+00 
1572029157593 2,738e-01 1,125e+00 
1572029158586 2,738e-01 1,118e+00 
1572029158772 2,738e-01 1,125e+00 
1572029159578 2,745e-01 1,125e+00 
1572029159765 2,738e-01 1,125e+00 
1572029160571 2,738e-01 1,118e+00 
1572029160757 2,738e-01 1,125e+00 
1572029164358 2,738e-01 1,118e+00 
1572029164606 2,738e-01 1,125e+00 
1572029166590 2,745e-01 1,125e+00 
1572029166776 2,738e-01 1,125e+00 
1572029167210 2,738e-01 1,118e+00 
1572029167396 2,738e-01 1,125e+00 
1572029169381 2,745e-01 1,125e+00 
1572029169939 2,738e-01 1,125e+00 
1572029170374 2,745e-01 1,125e+00 
1572029170560 2,738e-01 1,125e+00 
1572029172606 2,738e-01 1,118e+00 
1572029172792 2,745e-01 1,125e+00 
1572029172979 2,738e-01 1,125e+00 
1572029173538 2,745e-01 1,125e+00 
1572029173787 2,738e-01 1,125e+00 
1572029174594 2,745e-01 1,125e+00 
1572029174780 2,738e-01 1,125e+00 
1572029176579 2,745e-01 1,125e+00 
1572029176951 2,738e-01 1,125e+00 
1572029177199 2,738e-01 1,118e+00 
1572029177387 2,745e-01 1,125e+00 
1572029177575 2,738e-01 1,125e+00 
1572029178196 2,745e-01 1,125e+00 
1572029178569 2,738e-01 1,125e+00 
1572029179375 2,745e-01 1,125e+00 
1572029179561 2,738e-01 1,118e+00 
1572029179809 2,738e-01 1,125e+00 
1572029181359 2,745e-01 1,125e+00 
1572029181545 2,738e-01 1,125e+00 
1572029181607 2,738e-01 1,118e+00 
1572029181793 2,745e-01 1,125e+00 
1572029181979 2,738e-01 1,125e+00 
1572029184583 2,738e-01 1,118e+00 
1572029184769 2,738e-01 1,125e+00 
1572029184956 2,745e-01 1,125e+00 
1572029185143 2,738e-01 1,125e+00 
1572029185392 2,745e-01 1,125e+00 
1572029185578 2,738e-01 1,125e+00 
1572029187563 2,745e-01 1,125e+00 
1572029187997 2,738e-01 1,125e+00 
1572029188741 2,745e-01 1,125e+00 
1572029188989 2,738e-01 1,125e+00 
1572029189175 2,745e-01 1,125e+00 
1572029189362 2,738e-01 1,125e+00 
1572029189797 2,745e-01 1,125e+00 
1572029190170 2,738e-01 1,125e+00 
1572029190356 2,745e-01 1,125e+00 
1572029190543 2,738e-01 1,125e+00 
1572029190978 2,745e-01 1,125e+00 
1572029191598 2,738e-01 1,125e+00 
1572029192156 2,745e-01 1,125e+00 
1572029192343 2,738e-01 1,125e+00 
1572029193397 2,745e-01 1,125e+00 
1572029194145 2,738e-01 1,125e+00 
1572029194579 2,745e-01 1,125e+00 
1572029195757 2,738e-01 1,125e+00 
1572029195943 2,745e-01 1,125e+00 
1572029196191 2,738e-01 1,125e+00 
1572029196377 2,745e-01 1,125e+00 
1572029196563 2,738e-01 1,118e+00 
1572029196749 2,745e-01 1,118e+00 
1572029196811 2,745e-01 1,125e+00 
1572029197555 2,738e-01 1,125e+00 
1572029197617 2,738e-01 1,118e+00 
1572029197990 2,745e-01 1,125e+00 
1572029198177 2,738e-01 1,125e+00 
1572029198550 2,745e-01 1,125e+00 
1572029198799 2,738e-01 1,125e+00 
1572029199543 2,745e-01 1,125e+00 
1572029199605 2,745e-01 1,118e+00 
1572029199791 2,738e-01 1,125e+00 
1572029200163 2,745e-01 1,125e+00 
1572029200349 2,738e-01 1,125e+00 
1572029201406 2,745e-01 1,125e+00 
1572029201594 2,738e-01 1,125e+00 
1572029201968 2,745e-01 1,125e+00 
1572029202588 2,738e-01 1,118e+00 
1572029202774 2,738e-01 1,125e+00 
1572029203146 2,745e-01 1,125e+00 
1572029203394 2,738e-01 1,125e+00 
1572029203580 2,745e-01 1,125e+00 
1572029203767 2,738e-01 1,125e+00 
1572029204140 2,745e-01 1,125e+00 
1572029204388 2,745e-01 1,118e+00 
1572029204574 2,745e-01 1,125e+00 
1572029206186 2,738e-01 1,125e+00 
1572029206744 2,745e-01 1,125e+00 
1572029207179 2,738e-01 1,125e+00 
1572029207985 2,745e-01 1,125e+00 
1572029208791 2,738e-01 1,125e+00 
1572029209163 2,745e-01 1,125e+00 
1572029209783 2,738e-01 1,125e+00 
1572029209969 2,745e-01 1,125e+00 
1572029210341 2,738e-01 1,125e+00 
1572029210589 2,745e-01 1,125e+00 
1572029210815 2,738e-01 1,125e+00 
1572029210979 2,745e-01 1,125e+00 
1572029211625 2,738e-01 1,125e+00 
1572029211997 2,745e-01 1,125e+00 
1572029212556 2,738e-01 1,125e+00 
1572029212742 2,745e-01 1,125e+00 
1572029213176 2,738e-01 1,125e+00 
1572029213548 2,745e-01 1,125e+00 
1572029213750 2,738e-01 1,125e+00 
1572029213998 2,745e-01 1,125e+00 
1572029214556 2,738e-01 1,125e+00 
1572029214742 2,745e-01 1,125e+00 
1572029215362 2,745e-01 1,118e+00 
1572029215610 2,745e-01 1,125e+00 
1572029216168 2,738e-01 1,125e+00 
1572029216355 2,745e-01 1,125e+00 
1572029218588 2,738e-01 1,125e+00 
1572029218774 2,745e-01 1,125e+00 
1572029219394 2,745e-01 1,118e+00 
1572029219580 2,738e-01 1,125e+00 
1572029221192 2,745e-01 1,125e+00 
1572029221750 2,738e-01 1,125e+00 
1572029221937 2,745e-01 1,125e+00 
1572029222185 2,738e-01 1,125e+00 
1572029222371 2,745e-01 1,125e+00 
1572029223740 2,738e-01 1,125e+00 
1572029223988 2,745e-01 1,125e+00 
1572029225166 2,738e-01 1,125e+00 
1572029225538 2,745e-01 1,125e+00 
1572029225786 2,738e-01 1,125e+00 
1572029225972 2,745e-01 1,125e+00 
1572029226623 2,738e-01 1,125e+00 
1572029226748 2,745e-01 1,125e+00 
1572029228360 2,738e-01 1,125e+00 
1572029228546 2,745e-01 1,125e+00 
1572029229786 2,738e-01 1,125e+00 
1572029230158 2,745e-01 1,125e+00 
1572029233755 2,738e-01 1,125e+00 
1572029233942 2,745e-01 1,125e+00 
1572029234997 2,738e-01 1,125e+00 
1572029235369 2,745e-01 1,125e+00 
1572029236795 2,738e-01 1,125e+00 
1572029237167 2,745e-01 1,125e+00 
1572029237539 2,738e-01 1,125e+00 
1572029237787 2,745e-01 1,125e+00 
1572029238027 2,738e-01 1,125e+00 
1572029238593 2,745e-01 1,125e+00 
1572029238779 2,738e-01 1,125e+00 
1572029239337 2,745e-01 1,125e+00 
1572029239957 2,738e-01 1,125e+00 
1572029240144 2,745e-01 1,125e+00 
1572029241756 2,738e-01 1,125e+00 
1572029242190 2,745e-01 1,125e+00 
1572029242562 2,738e-01 1,125e+00 
1572029242748 2,745e-01 1,125e+00 
1572029242996 2,738e-01 1,125e+00 
1572029243368 2,745e-01 1,125e+00 
1572029243740 2,738e-01 1,125e+00 
1572029244174 2,745e-01 1,125e+00 
1572029244546 2,738e-01 1,125e+00 
1572029244794 2,745e-01 1,125e+00 
1572029246778 2,738e-01 1,125e+00 
1572029246964 2,745e-01 1,125e+00 
1572029247584 2,738e-01 1,125e+00 
1572029247770 2,745e-01 1,125e+00 
1572029248143 2,738e-01 1,125e+00 
1572029248391 2,745e-01 1,125e+00 
1572029250189 2,738e-01 1,125e+00 
1572029250375 2,745e-01 1,125e+00 
1572029252793 2,738e-01 1,125e+00 
1572029252979 2,745e-01 1,125e+00 
1572029254777 2,738e-01 1,125e+00 
1572029254963 2,745e-01 1,125e+00 
1572029258187 2,738e-01 1,125e+00 
1572029258373 2,745e-01 1,125e+00 
1572029258560 2,738e-01 1,125e+00 
1572029258746 2,745e-01 1,125e+00 
1572029261970 2,738e-01 1,125e+00 
1572029262156 2,745e-01 1,125e+00 
1572029263583 2,738e-01 1,125e+00 
1572029263771 2,745e-01 1,125e+00 
1572029264391 2,738e-01 1,125e+00 
1572029264577 2,745e-01 1,125e+00 
1572029268138 2,738e-01 1,125e+00 
1572029268386 2,745e-01 1,125e+00 
1572029271562 2,738e-01 1,125e+00 
1572029271749 2,745e-01 1,125e+00 
1572029272195 2,738e-01 1,125e+00 
1572029272569 2,745e-01 1,125e+00 
1572029273387 2,738e-01 1,125e+00 
1572029273575 2,745e-01 1,125e+00 
1572029274756 2,738e-01 1,125e+00 
1572029274943 2,745e-01 1,125e+00 
1572029276991 2,738e-01 1,125e+00 
1572029277179 2,745e-01 1,125e+00 
1572029279978 2,738e-01 1,125e+00 
1572029280353 2,745e-01 1,125e+00 
1572029281597 2,738e-01 1,125e+00 
1572029281784 2,745e-01 1,125e+00 
