time  temperature,C  frequency, Hz   voltage, 0.1V   current,A   status (see manual) 
1573302638589 0 0 0.0 0.0 null
1573302638913 27 0 2.4000000000000004 0.0 1000000001000000
time  temperature,C  frequency, Hz   voltage, 0.1V   current,A   status (see manual) 
1573308255465 27 0 2.4000000000000004 0.0 null
1573308255773 25 0 2.4000000000000004 0.0 1000000001000000
time  temperature,C  frequency, Hz   voltage, 0.1V   current,A   status (see manual) 
1573308626019 25 0 2.4000000000000004 0.0 null
1573308626324 25 0 2.4000000000000004 0.0 1000000001000000
time  temperature,C  frequency, Hz   voltage, 0.1V   current,A   status (see manual) 
1573308663732 25 0 2.4000000000000004 0.0 null
1573308664038 25 0 2.4000000000000004 0.0 1000000001000000
time  temperature,C  frequency, Hz   voltage, 0.1V   current,A   status (see manual) 
1573308743322 25 0 2.4000000000000004 0.0 null
1573308743640 25 0 2.4000000000000004 0.0 1000000001000000
1573308769153 25 0 2.4000000000000004 0.0 1000000001000001
1573308769454 25 0 2.4000000000000004 0.0 0010000001000001
1573308769755 25 0 2.4000000000000004 1.0 0010000001000001
1573308770056 25 0 2.4000000000000004 2.6 0010000001000001
1573308770657 25 0 2.4000000000000004 4.3 0010000001000001
1573308770958 25 0 2.4000000000000004 4.7 0010000001000001
1573308771259 25 0 2.4000000000000004 5.0 0010000001000001
1573308771560 25 0 2.4000000000000004 5.2 0010000001000001
1573308771861 25 1 2.4000000000000004 5.300000000000001 0010000001000001
1573308772164 25 3 2.4000000000000004 5.4 0010100001000001
1573308772465 25 6 2.4000000000000004 5.6000000000000005 0010100001010001
1573308772766 25 8 2.4000000000000004 5.6000000000000005 0010100001010001
1573308773067 25 10 2.4000000000000004 5.7 0010100001010001
1573308773668 25 14 2.4000000000000004 5.800000000000001 0010100001010001
1573308773969 25 15 2.4000000000000004 5.800000000000001 0010100001010001
1573308774270 25 17 2.4000000000000004 5.9 0010100001010001
1573308774571 25 18 2.4000000000000004 5.9 0010100001010001
1573308774872 25 21 2.4000000000000004 6.0 0010100001010001
1573308775173 25 23 2.4000000000000004 6.0 0010100001010001
1573308775474 25 25 2.4000000000000004 6.1000000000000005 0010100001010001
1573308775775 25 27 2.4000000000000004 6.1000000000000005 0010100001010001
1573308776076 25 28 2.4000000000000004 6.2 0010100001010001
1573308776677 25 33 2.4000000000000004 6.300000000000001 0010100001010001
1573308776978 25 34 2.4000000000000004 6.300000000000001 0010100001010001
1573308777279 25 35 2.4000000000000004 6.300000000000001 0010100001010001
1573308777581 25 37 2.4000000000000004 6.4 0010100001010001
1573308777882 26 38 2.4000000000000004 6.4 0010100001010001
1573308778183 26 39 2.4000000000000004 6.4 0010100001010001
1573308778484 26 41 2.4000000000000004 6.4 0010100001010001
1573308778785 26 43 2.4000000000000004 6.5 0010100001010001
1573308779086 26 44 2.4000000000000004 6.5 0010100001010001
1573308779687 26 50 2.4000000000000004 6.6000000000000005 0010100001010001
1573308779988 26 53 2.4000000000000004 7.7 0010100001010001
1573308780289 26 58 2.4000000000000004 8.4 0010100001010001
1573308780590 26 63 2.4000000000000004 8.9 0010100001010001
1573308780891 26 68 2.4000000000000004 9.3 0010100001010001
1573308781192 26 73 2.4000000000000004 9.5 0010100001010001
1573308781494 26 78 2.4000000000000004 9.700000000000001 0010100001010001
1573308781795 26 84 2.4000000000000004 9.8 0010100001010001
1573308782096 26 89 2.4000000000000004 9.8 0010100001010001
1573308782698 26 100 2.4000000000000004 9.9 0010100001010001
1573308782999 27 106 2.4000000000000004 9.9 0010100001010001
1573308783300 27 111 2.4000000000000004 10.0 0010100001010001
1573308783601 27 117 2.4000000000000004 10.0 0010100001010001
1573308783901 27 122 2.4000000000000004 10.0 0010100001010001
1573308784202 27 128 2.4000000000000004 10.0 0010100001010001
1573308784503 27 133 2.4000000000000004 10.0 0010100001010001
1573308784803 27 139 2.4000000000000004 10.0 0010100001010001
1573308785104 27 144 2.4000000000000004 10.0 0010100001010001
1573308785705 27 155 2.4000000000000004 10.0 0010100001010001
1573308786006 27 161 2.4000000000000004 10.0 0010100001010001
1573308786306 27 167 2.4000000000000004 10.0 0010100001010001
1573308786606 27 172 2.4000000000000004 10.0 0010100001010001
1573308786907 28 177 2.4000000000000004 10.0 0010100001010001
1573308787208 28 183 2.4000000000000004 7.800000000000001 1000100001010001
1573308787509 28 186 2.4000000000000004 5.300000000000001 1000100001010001
1573308787810 28 188 2.4000000000000004 3.6 1000100001010001
1573308788111 28 190 2.4000000000000004 2.4000000000000004 1000100001010001
1573308788714 28 191 2.4000000000000004 1.1 1000100001010001
1573308789015 28 192 2.4000000000000004 0.8 1000100001010001
1573308789316 28 192 2.4000000000000004 0.5 1000100001010001
1573308789617 28 192 2.4000000000000004 0.4 1000100001010001
1573308789918 28 192 2.4000000000000004 0.30000000000000004 1000100001010001
1573308790219 28 192 2.4000000000000004 0.2 1000100001010001
1573308790520 28 192 2.4000000000000004 0.1 1000100001010001
1573308791121 28 191 2.4000000000000004 0.1 1000100001010001
1573308791721 28 191 2.4000000000000004 0.0 1000100001010001
1573308792922 28 190 2.4000000000000004 0.0 1000100001010001
1573308794723 28 189 2.4000000000000004 0.0 1000100001010001
1573308795323 27 189 2.4000000000000004 0.0 1000100001010001
1573308796224 27 188 2.4000000000000004 0.0 1000100001010001
1573308798025 27 187 2.4000000000000004 0.0 1000100001010001
1573308799526 27 186 2.4000000000000004 0.0 1000100001010001
1573308801327 27 185 2.4000000000000004 0.0 1000100001010001
1573308802828 27 184 2.4000000000000004 0.0 1000100001010001
1573308804630 27 183 2.4000000000000004 0.0 1000100001010001
1573308806130 27 182 2.4000000000000004 0.0 1000100001010001
1573308807031 26 182 2.4000000000000004 0.0 1000100001010001
1573308807932 26 181 2.4000000000000004 0.0 1000100001010001
1573308809733 26 180 2.4000000000000004 0.0 1000100001010001
1573308811234 26 179 2.4000000000000004 0.0 1000100001010001
1573308813034 26 178 2.4000000000000004 0.0 1000100001010001
1573308814834 26 177 2.4000000000000004 0.0 1000100001010001
1573308816636 26 176 2.4000000000000004 0.0 1000100001010001
1573308817237 26 176 2.4000000000000004 0.0 1000000001010001
1573308818137 26 175 2.4000000000000004 0.0 1000000001010001
1573308819937 26 174 2.4000000000000004 0.0 1000000001010001
1573308821737 26 173 2.4000000000000004 0.0 1000000001010001
1573308823538 26 172 2.4000000000000004 0.0 1000000001010001
1573308825338 26 171 2.4000000000000004 0.0 1000000001010001
1573308827139 26 170 2.4000000000000004 0.0 1000000001010001
1573308828939 26 169 2.4000000000000004 0.0 1000000001010001
1573308830739 26 168 2.4000000000000004 0.0 1000000001010001
1573308832239 26 167 2.4000000000000004 0.0 1000000001010001
1573308832839 26 167 2.4000000000000004 0.0 1000010001010001
1573308834040 26 166 2.4000000000000004 0.0 1000010001010001
1573308835840 26 165 2.4000000000000004 0.0 1000010001010001
1573308837641 26 164 2.4000000000000004 0.0 1000010001010001
1573308839742 26 163 2.4000000000000004 0.0 1000010001010001
1573308841244 26 162 2.4000000000000004 0.0 1000010001010001
1573308843346 26 161 2.4000000000000004 0.0 1000010001010001
1573308845146 26 160 2.4000000000000004 0.0 1000010001010001
1573308846946 26 159 2.4000000000000004 0.0 1000010001010001
1573308848746 26 158 2.4000000000000004 0.0 1000010001010001
1573308850547 26 157 2.4000000000000004 0.0 1000010001010001
1573308852648 26 156 2.4000000000000004 0.0 1000010001010001
1573308854749 26 155 2.4000000000000004 0.0 1000010001010001
1573308856250 26 154 2.4000000000000004 0.0 1000010001010001
1573308858350 26 153 2.4000000000000004 0.0 1000010001010001
1573308860150 26 152 2.4000000000000004 0.0 1000010001010001
1573308861950 26 151 2.4000000000000004 0.0 1000010001010001
1573308864050 26 150 2.4000000000000004 0.0 1000010001010001
1573308865851 26 149 2.4000000000000004 0.0 1000010001010001
1573308867952 26 148 2.4000000000000004 0.0 1000010001010001
1573308869753 26 147 2.4000000000000004 0.0 1000010001010001
1573308871853 26 146 2.4000000000000004 0.0 1000010001010001
1573308873655 26 145 2.4000000000000004 0.0 1000010001010001
1573308875755 26 144 2.4000000000000004 0.0 1000010001010001
1573308877555 26 143 2.4000000000000004 0.0 1000010001010001
1573308879655 26 142 2.4000000000000004 0.0 1000010001010001
1573308881756 26 141 2.4000000000000004 0.0 1000010001010001
1573308883556 26 140 2.4000000000000004 0.0 1000010001010001
1573308885658 26 139 2.4000000000000004 0.0 1000010001010001
1573308885959 26 139 2.4000000000000004 0.0 0010010001010001
1573308887162 26 139 2.4000000000000004 0.8 0010010001010001
1573308887763 26 139 2.4000000000000004 0.5 1000010001010001
1573308888064 26 139 2.4000000000000004 0.4 1000010001010001
1573308888364 26 139 2.4000000000000004 0.2 1000010001010001
1573308888965 26 139 2.4000000000000004 0.1 1000010001010001
1573308890166 26 139 2.4000000000000004 0.0 1000010001010001
1573308891067 26 138 2.4000000000000004 0.0 1000010001010001
1573308893167 26 137 2.4000000000000004 0.0 1000010001010001
1573308894968 26 136 2.4000000000000004 0.0 1000010001010001
1573308897071 26 135 2.4000000000000004 0.0 1000010001010001
1573308899171 26 134 2.4000000000000004 0.0 1000010001010001
1573308901274 26 133 2.4000000000000004 0.0 1000010001010001
1573308903377 26 132 2.4000000000000004 0.0 1000010001010001
1573308905780 26 131 2.4000000000000004 0.0 1000010001010001
1573308907581 26 130 2.4000000000000004 0.0 1000010001010001
1573308909683 26 129 2.4000000000000004 0.0 1000010001010001
1573308911786 26 128 2.4000000000000004 0.0 1000010001010001
1573308913887 26 127 2.4000000000000004 0.0 1000010001010001
1573308915988 26 126 2.4000000000000004 0.0 1000010001010001
1573308918091 26 125 2.4000000000000004 0.0 1000010001010001
1573308920192 26 124 2.4000000000000004 0.0 1000010001010001
1573308922295 26 123 2.4000000000000004 0.0 1000010001010001
1573308924397 26 122 2.4000000000000004 0.0 1000010001010001
1573308926800 26 121 2.4000000000000004 0.0 1000010001010001
1573308928600 26 120 2.4000000000000004 0.0 1000010001010001
1573308930703 26 119 2.4000000000000004 0.0 1000010001010001
1573308933105 26 118 2.4000000000000004 0.0 1000010001010001
1573308935205 26 117 2.4000000000000004 0.0 1000010001010001
1573308937308 26 116 2.4000000000000004 0.0 1000010001010001
1573308939420 26 115 2.4000000000000004 0.0 1000010001010001
1573308941827 26 114 2.4000000000000004 0.0 1000010001010001
1573308943927 26 113 2.4000000000000004 0.0 1000010001010001
1573308946027 26 112 2.4000000000000004 0.0 1000010001010001
1573308948427 26 111 2.4000000000000004 0.0 1000010001010001
1573308950827 26 110 2.4000000000000004 0.0 1000010001010001
1573308952927 26 109 2.4000000000000004 0.0 1000010001010001
1573308955027 26 108 2.4000000000000004 0.0 1000010001010001
1573308957430 26 107 2.4000000000000004 0.0 1000010001010001
1573308959530 26 106 2.4000000000000004 0.0 1000010001010001
1573308961933 26 105 2.4000000000000004 0.0 1000010001010001
1573308964035 26 104 2.4000000000000004 0.0 1000010001010001
1573308966438 26 103 2.4000000000000004 0.0 1000010001010001
1573308968538 26 102 2.4000000000000004 0.0 1000010001010001
1573308970940 26 101 2.4000000000000004 0.0 1000010001010001
1573308973043 26 100 2.4000000000000004 0.0 1000010001010001
1573308975445 26 99 2.4000000000000004 0.0 1000010001010001
1573308977848 26 98 2.4000000000000004 0.0 1000010001010001
1573308979948 26 97 2.4000000000000004 0.0 1000010001010001
1573308982351 26 96 2.4000000000000004 0.0 1000010001010001
1573308984754 26 95 2.4000000000000004 0.0 1000010001010001
1573308987157 26 94 2.4000000000000004 0.0 1000010001010001
1573308989257 26 93 2.4000000000000004 0.0 1000010001010001
1573308991660 26 92 2.4000000000000004 0.0 1000010001010001
1573308994064 26 91 2.4000000000000004 0.0 1000010001010001
1573308996467 26 90 2.4000000000000004 0.0 1000010001010001
1573308998870 26 89 2.4000000000000004 0.0 1000010001010001
1573309001270 26 88 2.4000000000000004 0.0 1000010001010001
1573309003673 26 87 2.4000000000000004 0.0 1000010001010001
1573309006076 26 86 2.4000000000000004 0.0 1000010001010001
1573309008479 26 85 2.4000000000000004 0.0 1000010001010001
1573309010883 26 84 2.4000000000000004 0.0 1000010001010001
1573309013283 26 83 2.4000000000000004 0.0 1000010001010001
1573309015686 26 82 2.4000000000000004 0.0 1000010001010001
1573309018089 26 81 2.4000000000000004 0.0 1000010001010001
1573309020492 26 80 2.4000000000000004 0.0 1000010001010001
1573309023211 26 79 2.4000000000000004 0.0 1000010001010001
1573309025911 26 78 2.4000000000000004 0.0 1000010001010001
1573309028012 26 77 2.4000000000000004 0.0 1000010001010001
1573309030412 26 76 2.4000000000000004 0.0 1000010001010001
1573309033112 26 75 2.4000000000000004 0.0 1000010001010001
1573309035512 26 74 2.4000000000000004 0.0 1000010001010001
1573309037926 26 73 2.4000000000000004 0.0 1000010001010001
1573309040926 26 72 2.4000000000000004 0.0 1000010001010001
1573309043026 26 71 2.4000000000000004 0.0 1000010001010001
1573309045730 26 70 2.4000000000000004 0.0 1000010001010001
1573309048131 26 69 2.4000000000000004 0.0 1000010001010001
1573309050831 26 68 2.4000000000000004 0.0 1000010001010001
1573309053231 26 67 2.4000000000000004 0.0 1000010001010001
1573309055931 26 66 2.4000000000000004 0.0 1000010001010001
1573309058331 26 65 2.4000000000000004 0.0 1000010001010001
1573309060756 26 64 2.4000000000000004 0.0 1000010001010001
1573309062556 26 63 2.4000000000000004 0.0 1000010001010001
1573309064957 26 62 2.4000000000000004 0.0 1000010001010001
1573309066757 26 61 2.4000000000000004 0.0 1000010001010001
1573309069157 26 60 2.4000000000000004 0.0 1000010001010001
1573309071557 26 59 2.4000000000000004 0.0 1000010001010001
1573309073957 26 58 2.4000000000000004 0.0 1000010001010001
1573309076957 26 57 2.4000000000000004 0.0 1000010001010001
1573309079357 26 56 2.4000000000000004 0.0 1000010001010001
1573309082058 26 55 2.4000000000000004 0.0 1000010001010001
1573309084758 26 54 2.4000000000000004 0.0 1000010001010001
1573309087458 26 53 2.4000000000000004 0.0 1000010001010001
1573309090160 26 52 2.4000000000000004 0.0 1000010001010001
1573309092863 26 51 2.4000000000000004 0.0 1000010001010001
1573309095565 26 50 2.4000000000000004 0.0 1000010001010001
1573309098268 26 49 2.4000000000000004 0.0 1000010001010001
1573309100069 26 48 2.4000000000000004 0.0 1000010001010001
1573309100369 26 47 2.4000000000000004 0.0 1000010001010001
1573309100669 26 45 2.4000000000000004 0.0 1000010001010001
1573309100972 26 43 2.4000000000000004 0.0 1000010001010001
1573309101272 26 40 2.4000000000000004 0.0 1000010001010001
1573309101572 26 38 2.4000000000000004 0.0 1000010001010001
1573309101872 26 35 2.4000000000000004 0.0 1000010001010001
1573309102172 26 33 2.4000000000000004 0.0 1000010001010001
1573309102472 26 30 2.4000000000000004 0.0 1000010001010001
1573309102772 26 27 2.4000000000000004 0.0 1000010001010001
1573309103072 26 24 2.4000000000000004 0.0 1000010001010001
1573309103372 26 21 2.4000000000000004 0.0 1000010001010001
1573309103672 26 18 2.4000000000000004 0.0 1000010001010001
1573309103974 26 16 2.4000000000000004 0.0 1000010001010001
1573309104274 26 14 2.4000000000000004 0.0 1000010001010001
1573309104574 26 11 2.4000000000000004 0.0 1000010001010001
1573309104874 26 10 2.4000000000000004 0.0 1000010001010001
1573309105174 26 8 2.4000000000000004 0.0 1000010001010001
1573309105474 26 6 2.4000000000000004 0.0 1000010001010001
1573309105774 26 4 2.4000000000000004 0.0 1000010001010001
1573309106074 26 2 2.4000000000000004 0.0 1000010001010001
1573309106374 26 1 2.4000000000000004 0.0 1000010001010001
1573309106674 26 1 2.4000000000000004 0.0 1000010001000001
1573309106977 26 0 2.4000000000000004 0.0 1000010001000001
1573309134605 26 0 2.4000000000000004 0.0 1000000001000001
time  temperature,C  frequency, Hz   voltage, 0.1V   current,A   status (see manual) 
1573309198374 26 0 2.4000000000000004 0.0 null
1573309198679 26 0 2.4000000000000004 0.0 1000000001000001
1573309203785 26 0 2.4000000000000004 0.0 1000000001000000
time  temperature,C  frequency, Hz   voltage, 0.1V   current,A   status (see manual) 
1573309551140 26 0 2.4000000000000004 0.0 null
1573309551445 25 0 2.4000000000000004 0.0 1000000001000000
1573309585971 25 0 2.4000000000000004 0.0 1000000001000001
1573309586271 25 0 2.4000000000000004 0.0 0010000001000001
1573309586572 25 0 2.4000000000000004 0.9 0010000001000001
1573309586873 25 0 2.4000000000000004 2.8000000000000003 0010000001000001
1573309587474 25 0 2.4000000000000004 4.7 0010000001000001
1573309587775 25 1 2.4000000000000004 5.2 0010000001000001
1573309588077 25 2 2.4000000000000004 5.5 0010100001000001
1573309588379 25 3 2.4000000000000004 5.7 1000100001000001
1573309588680 25 5 2.4000000000000004 5.5 1000100001010001
1573309588981 25 7 2.4000000000000004 3.6 1000100001010001
1573309589282 25 8 2.4000000000000004 0.8 1000100001010001
1573309589583 25 7 2.4000000000000004 0.0 1000100001010001
1573309589884 25 6 2.4000000000000004 0.0 1000100001010001
1573309590485 25 3 2.4000000000000004 0.0 1000000001010001
1573309591086 25 2 2.4000000000000004 0.0 1000000001010001
1573309591387 25 1 2.4000000000000004 0.0 1000000001000001
1573309591688 25 0 2.4000000000000004 0.0 1000000001000001
time  temperature,C  frequency, Hz   voltage, 0.1V   current,A   status (see manual) 
1573309664123 25 0 2.4000000000000004 0.0 null
1573309664427 25 0 2.4000000000000004 0.0 1000000001000000
time  temperature,C  frequency, Hz   voltage, 0.1V   current,A   status (see manual) 
1573309825901 25 0 2.4000000000000004 0.0 null
1573309826206 25 0 2.4000000000000004 0.0 1000000001000000
time  temperature,C  frequency, Hz   voltage, 0.1V   current,A   status (see manual) 
1573310061984 25 0 2.4000000000000004 0.0 null
1573310062290 25 0 2.4000000000000004 0.0 1000000001000000
time  temperature,C  frequency, Hz   voltage, 0.1V   current,A   status (see manual) 
1573310095624 25 0 2.4000000000000004 0.0 null
1573310095934 25 0 2.4000000000000004 0.0 1000000001000000
time  temperature,C  frequency, Hz   voltage, 0.1V   current,A   status (see manual) 
1573310432434 25 0 2.4000000000000004 0.0 null
1573310432740 25 0 2.4000000000000004 0.0 1000000001000000
time  temperature,C  frequency, Hz   voltage, 0.1V   current,A   status (see manual) 
1573310573239 25 0 2.4000000000000004 0.0 null
1573310573544 25 0 2.4000000000000004 0.0 1000000001000000
